DENISE trained 300 epochs with 800000 25x25 rank 5 matrices.
DENISE: 

L: 
 [[ 5.76706640e-02  1.26257038e-03 -5.79979382e-02 -5.14661856e-02
  -1.58850607e-02 -2.91233867e-01  1.91191882e-02  1.23700965e-02
  -4.50470578e-03 -4.31569293e-02 -2.74401486e-01  8.39651525e-02
   5.53776044e-03 -1.46940365e-01 -6.77905977e-02  5.04836105e-02
   4.52844379e-03 -1.51026286e-02  6.11800030e-02  2.60538310e-02
  -8.87929648e-02 -3.10167763e-02 -1.09084751e-02  2.20538117e-02
  -1.73006728e-01]
 [ 1.26257038e-03  5.53144254e-02  9.82943829e-03  1.99011229e-02
   6.55834749e-02 -3.34699801e-03 -3.45966022e-04  5.19750789e-02
  -1.43146878e-02 -3.15707102e-02 -3.02682698e-01 -5.41622154e-02
   5.46363220e-02  2.53687888e-01  3.85404378e-02 -1.65231749e-02
  -9.93083883e-03 -3.14964019e-02 -3.30445543e-02 -1.11147100e-02
  -1.73951432e-01  3.26309446e-03  1.81472618e-02 -1.38083869e-03
   1.04093462e-01]
 [-5.79979382e-02  9.82943829e-03  1.50654510e-01  6.79845959e-02
   5.23603819e-02 -1.36715829e-01 -2.29562558e-02 -2.94292588e-02
   8.46655201e-03 -9.85456537e-03  4.64491218e-01 -1.63129583e-01
   3.42375040e-02  3.80728036e-01  1.44939095e-01 -5.14854603e-02
  -2.79398449e-03  5.85500430e-03 -7.66803026e-02 -5.32983243e-02
   5.11211604e-02  6.13787994e-02  4.44763973e-02 -5.33500053e-02
   1.09190926e-01]
 [-5.14661856e-02  1.99011229e-02  6.79845959e-02  7.29254559e-02
   3.77272554e-02  2.85677463e-01  7.78337428e-03  4.70172800e-03
  -4.89146495e-03  1.14933541e-02  2.20000893e-01 -1.14292458e-01
   1.44298014e-03  2.70253807e-01  1.03527717e-01 -6.78320676e-02
   8.85419827e-03  1.08212717e-02 -8.08417797e-02 -3.83574218e-02
  -1.41010821e-01  5.54234236e-02  2.99865510e-02 -2.43933089e-02
  -2.64758784e-02]
 [-1.58850607e-02  6.55834749e-02  5.23603819e-02  3.77272554e-02
   1.25712767e-01 -2.95932102e-03 -1.93702932e-02  7.03111887e-02
  -4.01399210e-02 -3.07868645e-02 -3.59514117e-01 -1.32061496e-01
   8.43866244e-02  5.00862122e-01  1.05289549e-01 -3.78843062e-02
  -2.50832792e-02 -4.38969508e-02 -6.36047497e-02 -2.86929719e-02
   1.63059726e-01  1.63360592e-02  5.71352467e-02 -1.17918861e-03
   2.01580618e-02]
 [-2.91233867e-01 -3.34699801e-03 -1.36715829e-01  2.85677463e-01
  -2.95932102e-03  3.96914673e+00  3.40902731e-02  9.40596685e-02
  -6.61831424e-02  4.02887791e-01  2.76553929e-01 -1.82604581e-01
  -2.37406701e-01  1.14485472e-01  1.37665480e-01 -3.57151568e-01
   2.39621755e-02  1.24835938e-01 -3.37007582e-01 -5.27728312e-02
   1.17918462e-01  1.23513028e-01 -7.99766276e-03  5.53045347e-02
   5.89853562e-02]
 [ 1.91191882e-02 -3.45966022e-04 -2.29562558e-02  7.78337428e-03
  -1.93702932e-02  3.40902731e-02  4.50425148e-02  1.12684816e-03
  -3.83570697e-03 -2.59511396e-02  4.25895583e-03  2.21319273e-02
  -2.81858016e-02 -5.13713583e-02 -2.34106509e-03 -6.10779738e-03
   2.66692806e-02  1.08550731e-02  4.37595788e-03 -5.69949509e-04
  -3.01024944e-01  2.11400315e-02  4.44669323e-03  6.38159877e-03
  -3.35832119e-01]
 [ 1.23700965e-02  5.19750789e-02 -2.94292588e-02  4.70172800e-03
   7.03111887e-02  9.40596685e-02  1.12684816e-03  6.95010126e-02
  -3.08821425e-02 -2.15483531e-02 -4.82370764e-01 -2.82972828e-02
   4.83295880e-02  2.13288501e-01  1.57173853e-02 -1.05549116e-02
  -1.43887121e-02 -3.56468223e-02 -1.99868642e-02  5.98334067e-04
  -1.38015021e-02 -1.14732729e-02  2.00990066e-02  2.03973465e-02
  -8.08539707e-03]
 [-4.50470578e-03 -1.43146878e-02  8.46655201e-03 -4.89146495e-03
  -4.01399210e-02 -6.61831424e-02 -3.83570697e-03 -3.08821425e-02
   2.66670641e-02  7.27631710e-03  2.02883169e-01  2.60012150e-02
  -1.43290991e-02 -1.31424382e-01 -2.46727820e-02  1.11562414e-02
   4.97954339e-03  1.23383328e-02  1.17495805e-02  3.41176731e-03
  -1.43660933e-01 -3.15289432e-03 -2.47541945e-02 -1.51718268e-02
   1.78472534e-01]
 [-4.31569293e-02 -3.15707102e-02 -9.85456537e-03  1.14933541e-02
  -3.07868645e-02  4.02887791e-01 -2.59511396e-02 -2.15483531e-02
   7.27631710e-03  7.89989680e-02  1.98266894e-01  5.48180565e-03
  -3.90579700e-02 -1.25038892e-01 -1.45177674e-02 -2.16909107e-02
  -9.13054403e-03  2.43995022e-02 -1.67946685e-02  3.45043465e-03
   2.74590820e-01 -5.86885726e-03 -1.97738428e-02  2.07889010e-03
   2.05989465e-01]
 [-2.74401486e-01 -3.02682698e-01  4.64491218e-01  2.20000893e-01
  -3.59514117e-01  2.76553929e-01  4.25895583e-03 -4.82370764e-01
   2.02883169e-01  1.98266894e-01  4.23312283e+00 -2.13393331e-01
  -3.28637660e-01 -5.36748528e-01  2.59793460e-01 -1.60225257e-01
   1.25202969e-01  2.88680613e-01 -1.42322913e-01 -1.41001448e-01
  -2.66878188e-01  2.72480428e-01 -3.45068760e-02 -2.34700024e-01
   3.87374014e-02]
 [ 8.39651525e-02 -5.41622154e-02 -1.63129583e-01 -1.14292458e-01
  -1.32061496e-01 -1.82604581e-01  2.21319273e-02 -2.82972828e-02
   2.60012150e-02  5.48180565e-03 -2.13393331e-01  2.55049169e-01
  -6.59090653e-02 -7.04711497e-01 -2.20462084e-01  1.03983156e-01
   1.20241558e-02  1.26590775e-02  1.41601205e-01  7.45687038e-02
  -1.04515791e-01 -8.39154422e-02 -8.23535845e-02  4.54641804e-02
  -4.14195284e-02]
 [ 5.53776044e-03  5.46363220e-02  3.42375040e-02  1.44298014e-03
   8.43866244e-02 -2.37406701e-01 -2.81858016e-02  4.83295880e-02
  -1.43290991e-02 -3.90579700e-02 -3.28637660e-01 -6.59090653e-02
   8.46716613e-02  3.06580603e-01  4.18493189e-02  3.61355860e-03
  -2.72797830e-02 -4.50549088e-02 -1.97173301e-02 -1.00211659e-02
   5.61605617e-02 -1.26696257e-02  2.35051569e-02 -6.01944840e-03
   2.35836461e-01]
 [-1.46940365e-01  2.53687888e-01  3.80728036e-01  2.70253807e-01
   5.00862122e-01  1.14485472e-01 -5.13713583e-02  2.13288501e-01
  -1.31424382e-01 -1.25038892e-01 -5.36748528e-01 -7.04711497e-01
   3.06580603e-01  2.30323815e+00  5.98003030e-01 -2.46496528e-01
  -6.14262000e-02 -1.26816064e-01 -3.65731835e-01 -1.87804848e-01
   2.23767608e-01  1.83231980e-01  2.67537713e-01 -7.93085247e-02
  -3.80484648e-02]
 [-6.77905977e-02  3.85404378e-02  1.44939095e-01  1.03527717e-01
   1.05289549e-01  1.37665480e-01 -2.34106509e-03  1.57173853e-02
  -2.46727820e-02 -1.45177674e-02  2.59793460e-01 -2.20462084e-01
   4.18493189e-02  5.98003030e-01  2.00346947e-01 -9.35042426e-02
   1.37176551e-03 -2.42103706e-03 -1.21061668e-01 -6.81958124e-02
   3.52844931e-02  8.67399350e-02  7.87124336e-02 -3.95720117e-02
  -1.49640143e-01]
 [ 5.04836105e-02 -1.65231749e-02 -5.14854603e-02 -6.78320676e-02
  -3.78843062e-02 -3.57151568e-01 -6.10779738e-03 -1.05549116e-02
   1.11562414e-02 -2.16909107e-02 -1.60225257e-01  1.03983156e-01
   3.61355860e-03 -2.46496528e-01 -9.35042426e-02  6.72754124e-02
  -6.10983698e-03 -1.07542221e-02  7.72142410e-02  3.34383026e-02
   5.42220511e-02 -4.89275753e-02 -2.93662027e-02  1.54337548e-02
   5.32741211e-02]
 [ 4.52844379e-03 -9.93083883e-03 -2.79398449e-03  8.85419827e-03
  -2.50832792e-02  2.39621755e-02  2.66692806e-02 -1.43887121e-02
   4.97954339e-03 -9.13054403e-03  1.25202969e-01  1.20241558e-02
  -2.72797830e-02 -6.14262000e-02  1.37176551e-03 -6.10983698e-03
   1.94877945e-02  1.51058622e-02  1.09793292e-03 -2.96763354e-03
  -1.92771390e-01  1.85292196e-02 -7.89508631e-04 -2.74907402e-03
  -1.87123910e-01]
 [-1.51026286e-02 -3.14964019e-02  5.85500430e-03  1.08212717e-02
  -4.38969508e-02  1.24835938e-01  1.08550731e-02 -3.56468223e-02
   1.23383328e-02  2.43995022e-02  2.88680613e-01  1.26590775e-02
  -4.50549088e-02 -1.26816064e-01 -2.42103706e-03 -1.07542221e-02
   1.51058622e-02  2.85390709e-02 -1.56918704e-03 -2.78249895e-03
  -2.94519756e-02  1.69159062e-02 -9.13842581e-03 -6.81843422e-03
  -8.84035453e-02]
 [ 6.11800030e-02 -3.30445543e-02 -7.66803026e-02 -8.08417797e-02
  -6.36047497e-02 -3.37007582e-01  4.37595788e-03 -1.99868642e-02
   1.17495805e-02 -1.67946685e-02 -1.42322913e-01  1.41601205e-01
  -1.97173301e-02 -3.65731835e-01 -1.21061668e-01  7.72142410e-02
   1.09793292e-03 -1.56918704e-03  9.67223421e-02  4.28899154e-02
   6.18151799e-02 -5.38120531e-02 -3.73637527e-02  2.44137198e-02
  -6.03748634e-02]
 [ 2.60538310e-02 -1.11147100e-02 -5.32983243e-02 -3.83574218e-02
  -2.86929719e-02 -5.27728312e-02 -5.69949509e-04  5.98334067e-04
   3.41176731e-03  3.45043465e-03 -1.41001448e-01  7.45687038e-02
  -1.00211659e-02 -1.87804848e-01 -6.81958124e-02  3.34383026e-02
  -2.96763354e-03 -2.78249895e-03  4.28899154e-02  2.44397279e-02
   3.54470946e-02 -3.25009972e-02 -2.33461857e-02  1.74304210e-02
   2.87737846e-02]
 [-8.87929648e-02 -1.73951432e-01  5.11211604e-02 -1.41010821e-01
   1.63059726e-01  1.17918462e-01 -3.01024944e-01 -1.38015021e-02
  -1.43660933e-01  2.74590820e-01 -2.66878188e-01 -1.04515791e-01
   5.61605617e-02  2.23767608e-01  3.52844931e-02  5.42220511e-02
  -1.92771390e-01 -2.94519756e-02  6.18151799e-02  3.54470946e-02
   4.63736296e+00 -1.51332602e-01  1.06805511e-01  1.00885756e-01
   1.79467008e-01]
 [-3.10167763e-02  3.26309446e-03  6.13787994e-02  5.54234236e-02
   1.63360592e-02  1.23513028e-01  2.11400315e-02 -1.14732729e-02
  -3.15289432e-03 -5.86885726e-03  2.72480428e-01 -8.39154422e-02
  -1.26696257e-02  1.83231980e-01  8.67399350e-02 -4.89275753e-02
   1.85292196e-02  1.69159062e-02 -5.38120531e-02 -3.25009972e-02
  -1.51332602e-01  5.52647524e-02  2.99267154e-02 -2.12967601e-02
  -2.05207050e-01]
 [-1.09084751e-02  1.81472618e-02  4.44763973e-02  2.99865510e-02
   5.71352467e-02 -7.99766276e-03  4.44669323e-03  2.00990066e-02
  -2.47541945e-02 -1.97738428e-02 -3.45068760e-02 -8.23535845e-02
   2.35051569e-02  2.67537713e-01  7.87124336e-02 -2.93662027e-02
  -7.89508631e-04 -9.13842581e-03 -3.73637527e-02 -2.33461857e-02
   1.06805511e-01  2.99267154e-02  4.35171202e-02 -3.48916976e-03
  -2.16398582e-01]
 [ 2.20538117e-02 -1.38083869e-03 -5.33500053e-02 -2.43933089e-02
  -1.17918861e-03  5.53045347e-02  6.38159877e-03  2.03973465e-02
  -1.51718268e-02  2.07889010e-03 -2.34700024e-01  4.54641804e-02
  -6.01944840e-03 -7.93085247e-02 -3.95720117e-02  1.54337548e-02
  -2.74907402e-03 -6.81843422e-03  2.44137198e-02  1.74304210e-02
   1.00885756e-01 -2.12967601e-02 -3.48916976e-03  2.54022125e-02
  -1.21804267e-01]
 [-1.73006728e-01  1.04093462e-01  1.09190926e-01 -2.64758784e-02
   2.01580618e-02  5.89853562e-02 -3.35832119e-01 -8.08539707e-03
   1.78472534e-01  2.05989465e-01  3.87374014e-02 -4.14195284e-02
   2.35836461e-01 -3.80484648e-02 -1.49640143e-01  5.32741211e-02
  -1.87123910e-01 -8.84035453e-02 -6.03748634e-02  2.87737846e-02
   1.79467008e-01 -2.05207050e-01 -2.16398582e-01 -1.21804267e-01
   4.36850071e+00]]

S: 
[[ 9.42329336e-01 -3.41455818e-01 -2.07249114e-01 -9.49583257e-02
  -1.65553208e-01  3.19036702e-01 -2.75967243e-03 -3.17075757e-02
   1.34174263e-01  9.32449661e-02  3.80605744e-01  8.60550028e-03
  -5.20359574e-02  8.82944146e-02  4.59409703e-02  1.15993561e-01
   1.34790320e-01  1.17798128e-01 -8.97635408e-03 -9.37418168e-03
   1.01373329e-01  1.10073632e-01 -5.24021103e-02 -9.97446405e-02
   2.87498029e-01]
 [-3.41455818e-01  9.44685575e-01  4.75268600e-01  3.15186085e-01
   3.24500109e-01  9.57213215e-02  1.36623992e-01  1.40510944e-01
  -1.31574818e-01 -9.04617289e-02  9.43762486e-02 -1.77713802e-01
   1.96392988e-01  2.68069003e-02  2.55358521e-01 -7.11512131e-02
  -4.05678589e-02 -3.99574672e-03 -5.66667230e-02  3.02832058e-02
   3.04620353e-01  1.27579195e-02  1.45490125e-01  8.93254440e-02
  -1.92548855e-01]
 [-2.07249114e-01  4.75268600e-01  8.49345490e-01  2.92443703e-01
   4.51780762e-01  2.33497602e-01  1.64436764e-01  1.60968446e-01
  -1.29808700e-01 -1.46516869e-01 -6.77459510e-01 -1.22960451e-01
   3.54304751e-01 -2.92271033e-03  1.07396539e-01 -3.26206640e-02
  -8.55099140e-02 -4.73289992e-02 -5.15601626e-02  1.63662090e-02
   9.48462277e-02 -6.00847139e-02  1.78510488e-01  8.90582293e-02
  -1.58737899e-01]
 [-9.49583257e-02  3.15186085e-01  2.92443703e-01  9.27074544e-01
   2.69810009e-01 -1.96203679e-01  2.24296055e-01  1.27519524e-01
  -1.46948278e-01 -2.53698406e-01 -3.31660994e-01 -7.35483960e-02
   1.88635527e-01  2.74497383e-02  5.64047659e-02 -3.11040892e-02
  -1.52640157e-01 -8.11083116e-02 -8.54696956e-02  3.12787766e-02
   2.02141728e-01 -1.71034349e-02  4.20956676e-02 -1.42317836e-02
   4.72422417e-02]
 [-1.65553208e-01  3.24500109e-01  4.51780762e-01  2.69810009e-01
   8.74287233e-01  1.23635953e-01  1.33249694e-01  6.39562126e-02
  -8.51263300e-02 -1.38802165e-01  1.13683207e-01 -2.00544893e-01
   3.31732224e-01 -3.07932056e-02  1.63813082e-01 -1.57850426e-01
  -1.62995579e-01 -9.16003938e-02 -1.38668689e-01 -4.74324190e-02
   1.77355028e-03 -1.55778353e-02  1.80021024e-01  1.78247086e-02
  -6.86800348e-02]
 [ 3.19036702e-01  9.57213215e-02  2.33497602e-01 -1.96203679e-01
   1.23635953e-01 -2.96914673e+00  3.93732810e-01  2.13671743e-01
  -2.73982025e-01 -6.52631950e-01 -3.00812870e-01  9.05096290e-02
   3.53687432e-01  2.58624792e-02  1.09187050e-01  2.89695970e-01
  -6.42764190e-02 -1.54164241e-01  2.39570037e-01 -5.91745167e-04
   4.93740894e-02 -2.37218171e-01  1.98821127e-01  5.41420464e-02
  -1.76534491e-01]
 [-2.75967243e-03  1.36623992e-01  1.64436764e-01  2.24296055e-01
   1.33249694e-01  3.93732810e-01  9.54957485e-01  3.54575248e-01
  -3.75519217e-01 -2.71790471e-01  1.31922375e-02 -8.22554631e-02
   1.80183713e-01  1.74604434e-01  2.48759618e-01 -1.45503567e-02
  -3.56396561e-02 -7.37922187e-03 -4.94192264e-02  5.17165881e-02
   4.65828192e-01 -6.23528769e-02  1.85792054e-01  5.01373683e-02
   2.80964845e-01]
 [-3.17075757e-02  1.40510944e-01  1.60968446e-01  1.27519524e-01
   6.39562126e-02  2.13671743e-01  3.54575248e-01  9.30498987e-01
  -3.05838957e-01 -3.18564495e-01  4.79447531e-01 -4.89831245e-02
   3.87969751e-02 -1.21120562e-01  1.96508498e-01 -6.03084232e-02
  -4.61438321e-02 -3.07496884e-02 -9.12737327e-02 -1.27750675e-02
   1.02113934e-01 -1.71001584e-02  4.27123016e-02 -3.29957246e-03
   2.37296462e-03]
 [ 1.34174263e-01 -1.31574818e-01 -1.29808700e-01 -1.46948278e-01
  -8.51263300e-02 -2.73982025e-01 -3.75519217e-01 -3.05838957e-01
   9.73332936e-01  4.69094491e-01 -1.09093547e-01  1.75183123e-01
  -6.47940282e-02  2.34312552e-02 -2.11239234e-01  2.08821157e-01
   1.57988892e-01  1.97187443e-01  2.50911136e-01  1.93169195e-01
   5.72495793e-02  2.14440274e-01 -5.33631547e-02  6.52073787e-02
   1.93252898e-02]
 [ 9.32449661e-02 -9.04617289e-02 -1.46516869e-01 -2.53698406e-01
  -1.38802165e-01 -6.52631950e-01 -2.71790471e-01 -3.18564495e-01
   4.69094491e-01  9.21001032e-01 -1.34340127e-01  2.56913250e-01
  -1.21754526e-01 -7.30889190e-02 -2.19390266e-01  2.33058705e-01
   2.57932468e-01  2.20216679e-01  3.59815463e-01  1.70572637e-01
  -3.56967038e-01  1.43367852e-01 -6.01699394e-02  1.36764161e-01
  -1.50575105e-01]
 [ 3.80605744e-01  9.43762486e-02 -6.77459510e-01 -3.31660994e-01
   1.13683207e-01 -3.00812870e-01  1.31922375e-02  4.79447531e-01
  -1.09093547e-01 -1.34340127e-01 -3.23312283e+00  6.80550509e-01
   3.38011237e-03  1.18189194e-01 -5.61496909e-01  1.77433922e-01
  -1.10230598e-01 -2.37752891e-01  3.72112827e-01  1.91872730e-01
   1.66504924e-01 -2.27860502e-01 -1.83353237e-01  3.12546051e-01
   6.21684731e-02]
 [ 8.60550028e-03 -1.77713802e-01 -1.22960451e-01 -7.35483960e-02
  -2.00544893e-01  9.05096290e-02 -8.22554631e-02 -4.89831245e-02
   1.75183123e-01  2.56913250e-01  6.80550509e-01  7.44950831e-01
  -3.14064149e-01  1.90590193e-01 -1.53391326e-01  6.21566404e-02
   1.81425433e-01  1.84118260e-01  2.03521411e-01  1.79807986e-01
  -5.47701270e-02  1.65154694e-01 -1.46402588e-01  1.28819732e-01
   1.20533446e-01]
 [-5.20359574e-02  1.96392988e-01  3.54304751e-01  1.88635527e-01
   3.31732224e-01  3.53687432e-01  1.80183713e-01  3.87969751e-02
  -6.47940282e-02 -1.21754526e-01  3.38011237e-03 -3.14064149e-01
   9.15328339e-01  1.12444186e-01  3.41328151e-01 -5.40608184e-02
  -3.96878566e-02  2.43398381e-02 -1.25800705e-01 -6.44184141e-02
   2.70466488e-01 -5.41376469e-02  3.69831338e-01  5.80808907e-02
  -3.47871651e-01]
 [ 8.82944146e-02  2.68069003e-02 -2.92271033e-03  2.74497383e-02
  -3.07932056e-02  2.58624792e-02  1.74604434e-01 -1.21120562e-01
   2.34312552e-02 -7.30889190e-02  1.18189194e-01  1.90590193e-01
   1.12444186e-01 -1.30323815e+00 -2.82160094e-01  1.11283577e-01
  -7.78091733e-02  2.68785464e-02  7.76431691e-02  9.54131547e-02
  -8.71875487e-02 -1.26305053e-01 -6.02484066e-02 -1.77981879e-02
   9.19293709e-02]
 [ 4.59409703e-02  2.55358521e-01  1.07396539e-01  5.64047659e-02
   1.63813082e-01  1.09187050e-01  2.48759618e-01  1.96508498e-01
  -2.11239234e-01 -2.19390266e-01 -5.61496909e-01 -1.53391326e-01
   3.41328151e-01 -2.82160094e-01  7.99653053e-01  1.31551630e-01
   3.43245536e-02 -5.96739336e-02 -9.06276621e-02 -6.61240800e-02
   2.62704107e-01 -1.69608821e-01  2.14082968e-01  3.45936304e-02
   3.48543934e-02]
 [ 1.15993561e-01 -7.11512131e-02 -3.26206640e-02 -3.11040892e-02
  -1.57850426e-01  2.89695970e-01 -1.45503567e-02 -6.03084232e-02
   2.08821157e-01  2.33058705e-01  1.77433922e-01  6.21566404e-02
  -5.40608184e-02  1.11283577e-01  1.31551630e-01  9.32724588e-01
   7.13090792e-01  5.67179314e-01  3.20591607e-01  3.44688139e-01
  -1.04733730e-01  1.79004280e-01 -2.24955962e-02  6.33932771e-02
   5.66192411e-02]
 [ 1.34790320e-01 -4.05678589e-02 -8.55099140e-02 -1.52640157e-01
  -1.62995579e-01 -6.42764190e-02 -3.56396561e-02 -4.61438321e-02
   1.57988892e-01  2.57932468e-01 -1.10230598e-01  1.81425433e-01
  -3.96878566e-02 -7.78091733e-02  3.43245536e-02  7.13090792e-01
   9.80512206e-01  5.33997215e-01  3.90472444e-01  3.53580273e-01
   1.44680640e-01  1.08435896e-01 -3.38535299e-02  1.33560353e-01
   2.26990271e-01]
 [ 1.17798128e-01 -3.99574672e-03 -4.73289992e-02 -8.11083116e-02
  -9.16003938e-02 -1.54164241e-01 -7.37922187e-03 -3.07496884e-02
   1.97187443e-01  2.20216679e-01 -2.37752891e-01  1.84118260e-01
   2.43398381e-02  2.68785464e-02 -5.96739336e-02  5.67179314e-01
   5.33997215e-01  9.71460929e-01  5.21073505e-01  4.31201157e-01
  -4.84066078e-03  9.03051542e-02 -2.05101144e-02  1.83323384e-01
   1.48494797e-01]
 [-8.97635408e-03 -5.66667230e-02 -5.15601626e-02 -8.54696956e-02
  -1.38668689e-01  2.39570037e-01 -4.94192264e-02 -9.12737327e-02
   2.50911136e-01  3.59815463e-01  3.72112827e-01  2.03521411e-01
  -1.25800705e-01  7.76431691e-02 -9.06276621e-02  3.20591607e-01
   3.90472444e-01  5.21073505e-01  9.03277658e-01  3.54806230e-01
  -1.10825790e-01  1.36588108e-01 -2.65334727e-02  1.85801394e-01
   1.04580751e-01]
 [-9.37418168e-03  3.02832058e-02  1.63662090e-02  3.12787766e-02
  -4.74324190e-02 -5.91745167e-04  5.17165881e-02 -1.27750675e-02
   1.93169195e-01  1.70572637e-01  1.91872730e-01  1.79807986e-01
  -6.44184141e-02  9.54131547e-02 -6.61240800e-02  3.44688139e-01
   3.53580273e-01  4.31201157e-01  3.54806230e-01  9.75560272e-01
  -1.51527694e-01  2.30998816e-01 -5.26740932e-02  9.64397002e-02
   1.06309500e-01]
 [ 1.01373329e-01  3.04620353e-01  9.48462277e-02  2.02141728e-01
   1.77355028e-03  4.93740894e-02  4.65828192e-01  1.02113934e-01
   5.72495793e-02 -3.56967038e-01  1.66504924e-01 -5.47701270e-02
   2.70466488e-01 -8.71875487e-02  2.62704107e-01 -1.04733730e-01
   1.44680640e-01 -4.84066078e-03 -1.10825790e-01 -1.51527694e-01
  -3.63736296e+00 -6.24022233e-02  2.88530410e-01  7.74900597e-02
  -4.18459121e-01]
 [ 1.10073632e-01  1.27579195e-02 -6.00847139e-02 -1.71034349e-02
  -1.55778353e-02 -2.37218171e-01 -6.23528769e-02 -1.71001584e-02
   2.14440274e-01  1.43367852e-01 -2.27860502e-01  1.65154694e-01
  -5.41376469e-02 -1.26305053e-01 -1.69608821e-01  1.79004280e-01
   1.08435896e-01  9.03051542e-02  1.36588108e-01  2.30998816e-01
  -6.24022233e-02  9.44735248e-01 -2.91484671e-01 -4.70235440e-02
   5.30076891e-01]
 [-5.24021103e-02  1.45490125e-01  1.78510488e-01  4.20956676e-02
   1.80021024e-01  1.98821127e-01  1.85792054e-01  4.27123016e-02
  -5.33631547e-02 -6.01699394e-02 -1.83353237e-01 -1.46402588e-01
   3.69831338e-01 -6.02484066e-02  2.14082968e-01 -2.24955962e-02
  -3.38535299e-02 -2.05101144e-02 -2.65334727e-02 -5.26740932e-02
   2.88530410e-01 -2.91484671e-01  9.56482880e-01  1.97993942e-01
  -9.42418261e-02]
 [-9.97446405e-02  8.93254440e-02  8.90582293e-02 -1.42317836e-02
   1.78247086e-02  5.41420464e-02  5.01373683e-02 -3.29957246e-03
   6.52073787e-02  1.36764161e-01  3.12546051e-01  1.28819732e-01
   5.80808907e-02 -1.77981879e-02  3.45936304e-02  6.33932771e-02
   1.33560353e-01  1.83323384e-01  1.85801394e-01  9.64397002e-02
   7.74900597e-02 -4.70235440e-02  1.97993942e-01  9.74597787e-01
  -5.72469729e-02]
 [ 2.87498029e-01 -1.92548855e-01 -1.58737899e-01  4.72422417e-02
  -6.86800348e-02 -1.76534491e-01  2.80964845e-01  2.37296462e-03
   1.93252898e-02 -1.50575105e-01  6.21684731e-02  1.20533446e-01
  -3.47871651e-01  9.19293709e-02  3.48543934e-02  5.66192411e-02
   2.26990271e-01  1.48494797e-01  1.04580751e-01  1.06309500e-01
  -4.18459121e-01  5.30076891e-01 -9.42418261e-02 -5.72469729e-02
  -3.36850071e+00]]

------------

pcp: 

L: 
[[ 0.21002614 -0.14512416 -0.19080511 -0.21691533 -0.20390674  0.03326589
  -0.00523348 -0.03313731  0.12571552  0.15614805 -0.02680649  0.06694804
  -0.01278856 -0.1327931   0.0495304   0.26251558  0.31308301  0.20815335
   0.12845006  0.08304472  0.04578345  0.06150321  0.01188767  0.02152159
   0.04026993]
 [-0.17911812  0.27192657  0.32955247  0.27191722  0.2983809   0.10792139
   0.14242553  0.12708345 -0.17695976 -0.15751689 -0.10744697 -0.19663381
   0.22756205  0.31048562  0.14925818 -0.02740511 -0.03934049  0.0522754
  -0.04829503  0.0287965   0.04196189 -0.0240992   0.10194168  0.0093646
  -0.0419551 ]
 [-0.24069883  0.39113166  0.48906752  0.37290112  0.45655748  0.14192336
   0.19867474  0.14502043 -0.15168304 -0.15762167 -0.12341013 -0.23465899
   0.38503026  0.45202382  0.20382442 -0.00251928 -0.02297277  0.1445558
   0.01610318  0.07223213  0.14289294 -0.0304688   0.23518302  0.10025389
  -0.0774015 ]
 [-0.24310505  0.30954151  0.37653894  0.33163622  0.34750459  0.0947774
   0.14398486  0.13782559 -0.21312812 -0.20255195 -0.09143514 -0.20395072
   0.21682316  0.3327048   0.12409076 -0.09855439 -0.12630434 -0.00585576
  -0.07779515  0.01262356  0.02010784 -0.04054147  0.08782695  0.00193783
  -0.04986485]
 [-0.19829675  0.29764977  0.45010075  0.35167851  0.46977882  0.09643459
   0.11330822  0.08133244 -0.15567966 -0.22198163 -0.12680209 -0.29842857
   0.37082193  0.47428683  0.2038445  -0.29528608 -0.3410254  -0.15492268
  -0.1833038  -0.15732543  0.18989572 -0.12047671  0.27647972  0.06767005
  -0.13493612]
 [ 0.02942261  0.08953506  0.19838527  0.13504663  0.15535327  0.22513424
   0.22939224  0.18642948 -0.23016606 -0.26493012 -0.19034695 -0.27702562
   0.25508766  0.22502744  0.31673255 -0.03105028 -0.0382648  -0.01787047
  -0.11870817 -0.08188281  0.16412115 -0.1308763   0.18838383 -0.02233577
  -0.08263557]
 [-0.03202747  0.12348504  0.21505564  0.16119315  0.16065967  0.20361205
   0.24424969  0.19327777 -0.20292704 -0.24232329 -0.13059739 -0.19511066
   0.21960064  0.17526002  0.24788578  0.02877042  0.0115416   0.05754282
  -0.02001079  0.00990285  0.13813036 -0.10891216  0.16425723  0.01548347
  -0.06546039]
 [-0.02818538  0.07836436  0.13121388  0.13162596  0.06822978  0.18724134
   0.21300271  0.20729969 -0.28622067 -0.27949217 -0.14023837 -0.20380893
   0.09406823  0.10538812  0.21505535 -0.00072291 -0.0095448  -0.0259053
  -0.10627251 -0.02044383  0.01301115 -0.09556403  0.02091958 -0.09332711
  -0.02879517]
 [ 0.06043792 -0.13032339 -0.20732775 -0.22761237 -0.13293439 -0.25366271
  -0.25198503 -0.28941813  0.50392502  0.45699805  0.26006739  0.40248712
  -0.12107083 -0.2404835  -0.33243813  0.14915828  0.15649433  0.20159998
   0.33482616  0.15310874  0.04928108  0.14473526  0.03140121  0.23329708
   0.04466028]
 [ 0.08221662 -0.13513936 -0.244939   -0.26051702 -0.18688861 -0.24237014
  -0.24513861 -0.27698146  0.49788951  0.48990196  0.24656774  0.41602788
  -0.14872958 -0.27172596 -0.32942144  0.25222352  0.27863965  0.28357149
   0.37050421  0.21005111  0.00584609  0.1850407  -0.01908348  0.20903555
   0.07634812]
 [ 0.01097173 -0.14330732 -0.17238368 -0.13096489 -0.13784954 -0.14874212
  -0.11048064 -0.12746561  0.2358444   0.15550103  0.21248734  0.2893113
  -0.17918436 -0.27288117 -0.24584226 -0.00360742 -0.03497419  0.00197752
   0.18220728  0.06514377  0.00441229  0.01266042 -0.02605777  0.11764746
   0.01604415]
 [ 0.02327706 -0.17539606 -0.30972772 -0.2428668  -0.28703974 -0.23191879
  -0.18904348 -0.19192201  0.36398434  0.35655438  0.29575225  0.4706985
  -0.32429067 -0.43446668 -0.39615946  0.23161523  0.23394907  0.21035299
   0.35914675  0.2450564  -0.12220958  0.14973768 -0.17232555  0.12550699
   0.10778305]
 [ 0.01437421  0.1782813   0.38576416  0.22160265  0.38808112  0.23241322
   0.23253303  0.12780739 -0.10547154 -0.23160013 -0.20558982 -0.34461013
   0.5151545   0.44540092  0.39726657 -0.14690791 -0.17588884 -0.02608283
  -0.10406261 -0.15903707  0.40246897 -0.18581875  0.47034752  0.14264017
  -0.17971418]
 [-0.07845442  0.26488115  0.39687704  0.28622848  0.38493857  0.19753331
   0.16829965  0.14652852 -0.25701409 -0.25115951 -0.26208194 -0.42398291
   0.40670034  0.5088187   0.35908914 -0.16500609 -0.1648499  -0.08421599
  -0.24953126 -0.16499782  0.16836099 -0.0995015   0.24248989 -0.03058042
  -0.10993263]
 [ 0.09073865  0.10052948  0.18173987  0.10251641  0.11423525  0.28556368
   0.26117489  0.22460926 -0.28217324 -0.25008932 -0.27890421 -0.35019437
   0.28918133  0.26640327  0.40941093  0.10264699  0.13339026  0.08523356
  -0.13059479 -0.04712877  0.13558031 -0.08671831  0.15730603 -0.07876832
  -0.05357453]
 [ 0.11954683 -0.05835175 -0.14699717 -0.17404921 -0.21467245  0.06008233
   0.10250911  0.03894256  0.15134963  0.19480468  0.04990866  0.21087101
  -0.03911017 -0.22901899 -0.01534144  0.53194656  0.57986232  0.49873343
   0.39457756  0.34825314  0.01142367  0.12199352 -0.02022843  0.10127874
   0.08863287]
 [ 0.07549121  0.00950801 -0.11579625 -0.14563985 -0.18040453  0.0260221
   0.05122003  0.01232436  0.1518924   0.25723128  0.03261196  0.19364415
  -0.04089881 -0.16200497 -0.04212628  0.56338225  0.63158098  0.53783109
   0.37784419  0.37471261 -0.06230956  0.19068915 -0.08113931  0.06979987
   0.11913089]
 [-0.00797532  0.10912543  0.02299416 -0.0415126  -0.03841358  0.03561854
   0.09171587  0.02496782  0.1676895   0.23512391  0.0481198   0.18260014
   0.06285764 -0.06332907 -0.03159644  0.53285491  0.57997187  0.56839764
   0.42421038  0.39956993  0.01111252  0.16949122  0.01908197  0.14868798
   0.08420781]
 [-0.02759359  0.03020223 -0.11451305 -0.14007693 -0.16532574 -0.08712652
   0.0098463  -0.064497    0.35297606  0.39504081  0.22577813  0.44532918
  -0.10826321 -0.29870469 -0.25501622  0.62901875  0.66335331  0.66485236
   0.62779366  0.53485108 -0.04248039  0.22900867 -0.05815079  0.23318842
   0.13102836]
 [-0.07142255  0.07398798 -0.06074646 -0.07121518 -0.12418474 -0.05248088
   0.0455455  -0.00888586  0.23344473  0.29349243  0.17990036  0.36162865
  -0.10421999 -0.24132447 -0.21050265  0.56642388  0.59603754  0.59300895
   0.53645836  0.49528662 -0.08457854  0.20446998 -0.09380999  0.16894799
   0.12659175]
 [ 0.05953736  0.04381607  0.20173766  0.07551365  0.23482197  0.1020414
   0.10374485  0.00459173  0.08272144 -0.06671257 -0.06388812 -0.13258115
   0.34797496  0.2299927   0.20544412 -0.12568389 -0.15869878 -0.02269924
   0.00416939 -0.12158596  0.36244541 -0.14073056  0.40068868  0.19220216
  -0.1450512 ]
 [-0.01709081 -0.00860103 -0.10303361 -0.07465627 -0.09681781 -0.10759632
  -0.11911111 -0.08639533  0.1059506   0.1827924   0.0690862   0.13384177
  -0.13454143 -0.09625754 -0.15409126  0.1269635   0.1560919   0.10976331
   0.08839428  0.1071874  -0.14103635  0.12820876 -0.15109767 -0.01767852
   0.07878473]
 [ 0.06827212  0.05295155  0.22189545  0.09645357  0.2400967   0.15184818
   0.15120284  0.05461395  0.00509873 -0.13578389 -0.11139859 -0.19663199
   0.369679    0.25876843  0.26997948 -0.12753766 -0.15816083 -0.0382722
  -0.04052952 -0.14001681  0.36138833 -0.16311921  0.39957247  0.15538658
  -0.15050661]
 [-0.03395878  0.06983755  0.05890724 -0.01960684  0.07109763 -0.06581814
  -0.01499018 -0.09555917  0.29963786  0.25109333  0.13348738  0.216702
   0.10429113 -0.02300336 -0.11269282  0.23419036  0.23279617  0.33228145
   0.35107901  0.22781623  0.13863331  0.08611481  0.15975443  0.24891997
   0.00255778]
 [-0.03479845  0.01335896 -0.04848442 -0.01913521 -0.05874242 -0.04663602
  -0.04326608 -0.01681377  0.01064318  0.06831812  0.03311068  0.0673849
  -0.09801308 -0.0618905  -0.08544741  0.08634835  0.10210276  0.06759891
   0.0453115   0.08104001 -0.1167673   0.07405254 -0.12325395 -0.03651184
   0.0554477 ]]

S: 
[[ 0.78997386 -0.19506909 -0.07444194 -0.         -0.          0.
   0.          0.          0.         -0.          0.08930614  0.
   0.          0.         -0.          0.          0.          0.
  -0.         -0.          0.          0.         -0.         -0.09921242
   0.        ]
 [-0.16107513  0.72807343  0.15554556  0.06316998  0.0904559  -0.
  -0.          0.06540257  0.          0.         -0.         -0.
  -0.         -0.          0.14464078 -0.          0.         -0.
  -0.          0.          0.          0.         -0.          0.07858001
  -0.        ]
 [-0.02454822  0.09396638  0.51093248  0.          0.04758366 -0.
  -0.          0.         -0.         -0.          0.         -0.
   0.          0.         -0.          0.          0.          0.
   0.         -0.10916425 -0.         -0.          0.          0.
   0.        ]
 [-0.          0.02554569  0.          0.66836378  0.         -0.
   0.08809457 -0.00560434 -0.         -0.0396531   0.          0.
  -0.          0.         -0.          0.         -0.          0.
  -0.00725128  0.          0.          0.         -0.         -0.
  -0.        ]
 [-0.          0.09243382  0.05404039  0.          0.53022118  0.02217584
  -0.          0.          0.          0.         -0.          0.
   0.00946084  0.         -0.         -0.         -0.         -0.
   0.          0.         -0.          0.          0.         -0.
   0.        ]
 [ 0.         -0.         -0.         -0.          0.          0.77486576
   0.19843085  0.12130193 -0.1099991  -0.          0.          0.
  -0.13880693  0.          0.         -0.          0.          0.
  -0.          0.         -0.         -0.          0.          0.13178235
  -0.        ]
 [ 0.         -0.         -0.          0.02841269 -0.          0.22421103
   0.75575031  0.         -0.17642789 -0.          0.          0.
   0.          0.          0.         -0.          0.         -0.
   0.          0.          0.          0.06769932  0.02598152 -0.
   0.        ]
 [ 0.          0.11412166  0.         -0.          0.          0.05083002
   0.          0.79270031 -0.05050042 -0.06062068  0.          0.
   0.         -0.          0.          0.         -0.         -0.
  -0.          0.          0.          0.         -0.          0.
   0.02308274]
 [ 0.          0.         -0.         -0.          0.         -0.08650245
  -0.12736989 -0.04730297  0.49607498  0.01937275  0.          0.
   0.         -0.         -0.          0.         -0.         -0.
  -0.          0.          0.          0.03297212  0.          0.
   0.14009468]
 [-0.          0.         -0.         -0.          0.         -0.
  -0.         -0.06313139  0.          0.51009804 -0.          0.
  -0.          0.          0.         -0.          0.          0.
   0.         -0.          0.          0.          0.          0.
   0.        ]
 [ 0.         -0.          0.          0.         -0.          0.
   0.          0.          0.         -0.          0.78751266  0.17784588
  -0.         -0.14567816 -0.         -0.         -0.          0.
   0.04758263 -0.01427249  0.          0.         -0.          0.
   0.        ]
 [ 0.         -0.         -0.          0.          0.          0.
   0.          0.          0.          0.          0.17140493  0.5293015
  -0.         -0.07965462 -0.         -0.          0.         -0.
  -0.          0.         -0.          0.          0.          0.04877692
  -0.        ]
 [ 0.         -0.          0.         -0.          0.         -0.11613249
   0.          0.          0.         -0.         -0.         -0.
   0.4848455   0.          0.         -0.         -0.          0.
   0.          0.          0.          0.          0.          0.
   0.        ]
 [ 0.         -0.          0.          0.01147507  0.00654385  0.
   0.         -0.         -0.          0.         -0.15647739 -0.0901384
   0.          0.4911813  -0.         -0.          0.          0.
  -0.         -0.          0.          0.          0.         -0.
   0.14266956]
 [ 0.          0.19336948 -0.         -0.          0.          0.
   0.          0.         -0.          0.         -0.         -0.
   0.         -0.          0.59058907  0.          0.         -0.
  -0.         -0.          0.09059191  0.          0.         -0.
   0.        ]
 [ 0.         -0.          0.          0.         -0.         -0.
  -0.          0.          0.         -0.         -0.         -0.
  -0.         -0.          0.05338883  0.46805344  0.12711863  0.05769167
   0.          0.          0.         -0.          0.         -0.
   0.        ]
 [ 0.          0.          0.         -0.         -0.          0.
   0.         -0.         -0.          0.         -0.          0.
  -0.          0.          0.0778226   0.14359871  0.36841902  0.01127199
   0.          0.         -0.          0.         -0.          0.
  -0.        ]
 [ 0.         -0.          0.          0.         -0.          0.
  -0.         -0.         -0.          0.          0.         -0.
   0.          0.         -0.          0.02357018  0.          0.43160236
   0.          0.         -0.         -0.         -0.04873051  0.
  -0.        ]
 [-0.         -0.          0.         -0.02623455  0.         -0.
   0.         -0.         -0.          0.          0.00401179 -0.
   0.         -0.         -0.          0.          0.          0.
   0.37220634  0.          0.         -0.         -0.         -0.
   0.        ]
 [-0.          0.         -0.          0.          0.          0.
   0.          0.          0.         -0.         -0.12779708  0.
   0.         -0.         -0.          0.          0.          0.
   0.          0.50471338 -0.00551873  0.          0.         -0.
   0.        ]
 [ 0.          0.         -0.          0.         -0.         -0.
   0.          0.          0.          0.          0.         -0.
   0.          0.          0.08820028  0.         -0.         -0.
   0.         -0.          0.63755459 -0.          0.          0.
  -0.01070107]
 [ 0.00366051  0.02462204 -0.          0.          0.         -0.
   0.          0.          0.08234489  0.          0.          0.
   0.          0.          0.         -0.          0.         -0.
  -0.          0.01090512 -0.07269847  0.87179124 -0.11046029  0.
   0.24608511]
 [-0.         -0.          0.         -0.          0.          0.
   0.         -0.          0.          0.         -0.          0.
   0.          0.          0.          0.         -0.         -0.
  -0.          0.          0.         -0.09843875  0.60042753  0.
  -0.1601338 ]
 [-0.          0.          0.         -0.         -0.          0.17526472
  -0.          0.          0.          0.          0.          0.
   0.         -0.         -0.         -0.          0.          0.
  -0.         -0.          0.03526215  0.          0.          0.75108003
  -0.02610703]
 [ 0.         -0.          0.         -0.          0.         -0.
   0.          0.01110134  0.18715464  0.          0.         -0.
   0.          0.1157714   0.          0.         -0.         -0.
   0.          0.         -0.05375595  0.2508173  -0.17502998 -0.1425394
   0.9445523 ]]

------------

M: 
[[ 1.00000000e+00 -3.40193248e-01 -2.65247052e-01 -1.46424511e-01
  -1.81438268e-01  2.78028350e-02  1.63595158e-02 -1.93374792e-02
   1.29669558e-01  5.00880368e-02  1.06204259e-01  9.25706528e-02
  -4.64981969e-02 -5.86459509e-02 -2.18496274e-02  1.66477171e-01
   1.39318764e-01  1.02695499e-01  5.22036489e-02  1.66796493e-02
   1.25803646e-02  7.90568559e-02 -6.33105854e-02 -7.76908288e-02
   1.14491301e-01]
 [-3.40193248e-01  1.00000000e+00  4.85098039e-01  3.35087208e-01
   3.90083584e-01  9.23743235e-02  1.36278026e-01  1.92486023e-01
  -1.45889506e-01 -1.22032439e-01 -2.08306449e-01 -2.31876018e-01
   2.51029310e-01  2.80494789e-01  2.93898959e-01 -8.76743881e-02
  -5.04986977e-02 -3.54921486e-02 -8.97112773e-02  1.91684958e-02
   1.30668921e-01  1.60210139e-02  1.63637386e-01  8.79446053e-02
  -8.84553924e-02]
 [-2.65247052e-01  4.85098039e-01  1.00000000e+00  3.60428299e-01
   5.04141144e-01  9.67817724e-02  1.41480508e-01  1.31539187e-01
  -1.21342148e-01 -1.56371434e-01 -2.12968291e-01 -2.86090034e-01
   3.88542255e-01  3.77805326e-01  2.52335634e-01 -8.41061243e-02
  -8.83038985e-02 -4.14739949e-02 -1.28240465e-01 -3.69321153e-02
   1.45967388e-01  1.29408547e-03  2.22986886e-01  3.57082240e-02
  -4.95469727e-02]
 [-1.46424511e-01  3.35087208e-01  3.60428299e-01  1.00000000e+00
   3.07537265e-01  8.94737840e-02  2.32079429e-01  1.32221252e-01
  -1.51839742e-01 -2.42205052e-01 -1.11660101e-01 -1.87840854e-01
   1.90078507e-01  2.97703546e-01  1.59932483e-01 -9.89361568e-02
  -1.43785958e-01 -7.02870400e-02 -1.66311475e-01 -7.07864517e-03
   6.11309073e-02  3.83199887e-02  7.20822186e-02 -3.86250925e-02
   2.07663633e-02]
 [-1.81438268e-01  3.90083584e-01  5.04141144e-01  3.07537265e-01
   1.00000000e+00  1.20676632e-01  1.13879401e-01  1.34267401e-01
  -1.25266251e-01 -1.69589030e-01 -2.45830910e-01 -3.32606389e-01
   4.16118848e-01  4.70068916e-01  2.69102630e-01 -1.95734732e-01
  -1.88078858e-01 -1.35497345e-01 -2.02273438e-01 -7.61253909e-02
   1.64833277e-01  7.58223912e-04  2.37156271e-01  1.66455200e-02
  -4.85219731e-02]
 [ 2.78028350e-02  9.23743235e-02  9.67817724e-02  8.94737840e-02
   1.20676632e-01  1.00000000e+00  4.27823083e-01  3.07731412e-01
  -3.40165167e-01 -2.49744159e-01 -2.42589412e-02 -9.20949521e-02
   1.16280731e-01  1.40347952e-01  2.46852530e-01 -6.74555979e-02
  -4.03142435e-02 -2.93283026e-02 -9.74375449e-02 -5.33645763e-02
   1.67292551e-01 -1.13705143e-01  1.90823464e-01  1.09446581e-01
  -1.17549135e-01]
 [ 1.63595158e-02  1.36278026e-01  1.41480508e-01  2.32079429e-01
   1.13879401e-01  4.27823083e-01  1.00000000e+00  3.55702096e-01
  -3.79354923e-01 -2.97741610e-01  1.74511933e-02 -6.01235358e-02
   1.51997911e-01  1.23233076e-01  2.46418553e-01 -2.06581540e-02
  -8.97037545e-03  3.47585124e-03 -4.50432685e-02  5.11466386e-02
   1.64803249e-01 -4.12128454e-02  1.90238748e-01  5.65189671e-02
  -5.48672741e-02]
 [-1.93374792e-02  1.92486023e-01  1.31539187e-01  1.32221252e-01
   1.34267401e-01  3.07731412e-01  3.55702096e-01  1.00000000e+00
  -3.36721099e-01 -3.40112848e-01 -2.92323261e-03 -7.72804073e-02
   8.71265631e-02  9.21679386e-02  2.12225884e-01 -7.08633347e-02
  -6.05325443e-02 -6.63965107e-02 -1.11260597e-01 -1.21767335e-02
   8.83124319e-02 -2.85734313e-02  6.28113082e-02  1.70977740e-02
  -5.71243246e-03]
 [ 1.29669558e-01 -1.45889506e-01 -1.21342148e-01 -1.51839742e-01
  -1.25266251e-01 -3.40165167e-01 -3.79354923e-01 -3.36721099e-01
   1.00000000e+00  4.76370808e-01  9.37896223e-02  2.01184338e-01
  -7.91231273e-02 -1.07993127e-01 -2.35912016e-01  2.19977398e-01
   1.62968436e-01  2.09525776e-01  2.62660716e-01  1.96580962e-01
  -8.64113535e-02  2.11287379e-01 -7.81173493e-02  5.00355519e-02
   1.97797824e-01]
 [ 5.00880368e-02 -1.22032439e-01 -1.56371434e-01 -2.42205052e-01
  -1.69589030e-01 -2.49744159e-01 -2.97741610e-01 -3.40112848e-01
   4.76370808e-01  1.00000000e+00  6.39267670e-02  2.62395056e-01
  -1.60812496e-01 -1.98127811e-01 -2.33908034e-01  2.11367794e-01
   2.48801924e-01  2.44616181e-01  3.43020794e-01  1.74023071e-01
  -8.23762183e-02  1.37498995e-01 -7.99437822e-02  1.38843052e-01
   5.54143606e-02]
 [ 1.06204259e-01 -2.08306449e-01 -2.12968291e-01 -1.11660101e-01
