DENISE trained 300 epochs with 80000 5x5 rank 3 matrices.
DENISE: 

L: 
 [[ 2.6983156e+00 -1.6506538e-02 -5.4651934e-01 -4.4887075e-03
  -2.7309400e-01]
 [-1.6506538e-02  2.7115681e+00  4.2681240e-02  1.8282442e-03
  -2.2143576e-02]
 [-5.4651934e-01  4.2681240e-02  8.8558054e+00  1.1682075e-02
  -4.6880836e+00]
 [-4.4887075e-03  1.8282442e-03  1.1682075e-02  2.1870557e-05
  -5.3905980e-03]
 [-2.7309400e-01 -2.2143576e-02 -4.6880836e+00 -5.3905980e-03
   2.6004860e+00]]

S: 
[[139.97209953  28.0798958   31.1079988    2.52935991  31.45867668]
 [ 28.0798958   11.83515121 -10.79677268  -2.97883382  20.09568387]
 [ 31.1079988  -10.79677268  56.98871344  11.28907455 -23.35297358]
 [  2.52935991  -2.97883382  11.28907455  10.38496225  -5.83478635]
 [ 31.45867668  20.09568387 -23.35297358  -5.83478635  30.79043201]]

------------

pcp: 

L: 
[[ 33.15288862  19.03429426  -2.38353047   2.5249416   24.04138395]
 [ 19.03429426  14.54671744 -10.7540876   -2.97707117  20.07354269]
 [ -2.38353047 -10.7540876   24.51612531  11.30069593 -17.99311351]
 [  2.5249416   -2.97707117  11.30069593   5.60790277  -5.84023382]
 [ 24.04138395  20.07354269 -17.99311351  -5.84023382  28.30038404]]

S: 
[[109.51752654   9.029095    32.94500994   0.           7.14419873]
 [  9.029095     0.          -0.          -0.          -0.        ]
 [ 32.94500994  -0.          41.32839353   0.         -10.04794373]
 [  0.          -0.           0.           4.77708135   0.        ]
 [  7.14419873  -0.         -10.04794373   0.           5.09053401]]

------------

M: 
[[142.67041515  28.06338926  30.56147946   2.52487121  31.18558268]
 [ 28.06338926  14.54671933 -10.75409144  -2.97700557  20.0735403 ]
 [ 30.56147946 -10.75409144  65.84451884  11.30075662 -28.04105723]
 [  2.52487121  -2.97700557  11.30075662  10.38498412  -5.84017695]
 [ 31.18558268  20.0735403  -28.04105723  -5.84017695  33.39091805]]