DENISE trained 300 epochs with 800000 25x25 rank 5 matrices.
DENISE: 

L: 
 [[ 4.25005890e-03 -2.20868248e-03 -4.29944630e-04  2.78119333e-02
  -6.35778939e-04 -6.12213800e-04  3.07325870e-02  9.48635861e-04
   1.80371513e-03 -3.37093952e-03  1.88974116e-03 -1.40760548e-03
  -7.92080886e-04  1.46805379e-03  1.74262631e-03 -5.24745928e-03
   2.52076006e-03 -1.28553272e-03  1.05082744e-03 -5.40456676e-04
  -5.01721050e-04  4.65012016e-03  2.34945025e-03  6.15496412e-02
  -1.05343066e-01]
 [-2.20868248e-03  8.16108659e-03  3.96626629e-03 -2.46807095e-02
  -4.10738364e-02 -3.27305344e-04  6.77842051e-02 -1.04021176e-03
  -2.31973105e-03  2.60948273e-03 -9.93365189e-04  7.91444327e-04
  -1.65300048e-03  1.77665474e-03 -1.20795635e-03  1.22094527e-03
   1.99596048e-03 -1.06202287e-03  3.14739766e-03 -1.33697479e-03
  -2.48328061e-03 -5.06425218e-04 -9.37256729e-04 -1.72519386e-01
   2.12296117e-02]
 [-4.29944630e-04  3.96626629e-03  2.90412665e-03 -2.60765683e-02
  -3.93792093e-02 -2.05550605e-04  7.38334283e-02 -1.09908392e-03
  -2.07174395e-04  1.34278170e-03 -9.58098855e-04 -3.86755710e-04
  -2.66946619e-03  6.94453134e-04  1.79165756e-04  8.19400244e-04
   1.78614317e-03 -1.52492383e-03  2.78805965e-03 -1.03905820e-03
  -2.24891957e-03 -5.28165721e-04 -1.57320942e-03 -4.83548380e-02
   1.53668839e-02]
 [ 2.78119333e-02 -2.46807095e-02 -2.60765683e-02  4.32341051e+00
  -5.94293401e-02 -2.30222638e-03  1.80773661e-02  1.79412574e-01
  -8.66293907e-02 -4.51591946e-02  1.54261654e-02 -1.74915674e-03
   1.42473076e-02 -1.54300742e-02  1.29630223e-01 -3.58621515e-02
   1.75767690e-02  3.59680876e-02  3.67284333e-03 -2.74485573e-02
  -4.71010134e-02  1.64954551e-03 -1.82962324e-02  1.08654064e-03
   8.02455246e-02]
 [-6.35778939e-04 -4.10738364e-02 -3.93792093e-02 -5.94293401e-02
   4.85695791e+00  6.56915829e-02 -8.22675321e-03 -7.32419416e-02
  -9.32135340e-03  2.22102902e-03  8.70874710e-03 -8.06486532e-02
   1.42302802e-02 -1.50875986e-01 -7.80829564e-02  5.42124268e-03
  -1.16023935e-01 -5.36622815e-02 -7.30540603e-02  7.86254033e-02
   6.77337945e-02 -3.23663210e-03  9.51901078e-02 -3.01683117e-02
   2.51642056e-02]
 [-6.12213800e-04 -3.27305344e-04 -2.05550605e-04 -2.30222638e-03
   6.56915829e-02  1.11904822e-03  9.50724259e-03 -1.12197094e-03
  -3.29699833e-04  6.96375966e-04 -4.67438222e-04 -1.25217659e-03
  -3.59434402e-04 -2.78085703e-03 -8.99620412e-04  1.30740297e-03
  -1.98405469e-03 -8.45360919e-04 -8.47693591e-04  1.10186357e-03
   6.10433228e-04 -1.25920260e-03  3.60118953e-04  4.30435175e-03
   2.73001101e-02]
 [ 3.07325870e-02  6.77842051e-02  7.38334283e-02  1.80773661e-02
  -8.22675321e-03  9.50724259e-03  2.87517834e+00 -2.13316679e-02
   5.43490285e-03  9.21463594e-03 -1.92278400e-02 -5.77417165e-02
  -1.04414023e-01 -2.66640112e-02  3.36124003e-02 -6.30449271e-03
   4.41670194e-02 -7.47767463e-02  8.09768438e-02 -1.93478614e-02
  -7.04023615e-02  2.96388660e-03 -2.83120777e-02 -4.61475775e-02
  -7.16215512e-03]
 [ 9.48635861e-04 -1.04021176e-03 -1.09908392e-03  1.79412574e-01
  -7.32419416e-02 -1.12197094e-03 -2.13316679e-02  8.64978880e-03
  -3.44439503e-03 -1.98902842e-03  6.52597868e-04  1.52768148e-03
   1.16668991e-03  1.73703127e-03  6.26916531e-03 -1.50194007e-03
   2.06347276e-03  2.84284865e-03  5.79070300e-04 -2.12382572e-03
  -2.38491246e-03  7.26675789e-05 -1.95295259e-03  3.66775063e-03
   3.30040161e-03]
 [ 1.80371513e-03 -2.31973105e-03 -2.07174395e-04 -8.66293907e-02
  -9.32135340e-03 -3.29699833e-04  5.43490285e-03 -3.44439503e-03
   3.62707977e-03 -9.61156504e-04  4.90147038e-04 -6.80584810e-04
  -7.80929287e-04  9.14929726e-04 -1.53090153e-03 -1.52219331e-03
   6.71970367e-04 -1.17404258e-03  9.36579600e-05  4.10061446e-04
   1.03541347e-03  1.86862622e-03  9.78029799e-04  7.99355954e-02
  -4.78552319e-02]
 [-3.37093952e-03  2.60948273e-03  1.34278170e-03 -4.51591946e-02
   2.22102902e-03  6.96375966e-04  9.21463594e-03 -1.98902842e-03
  -9.61156504e-04  3.21529340e-03 -1.97506929e-03  4.21992561e-04
  -7.43271608e-04 -1.67074893e-03 -1.66310580e-03  4.69131675e-03
  -1.80045771e-03 -2.24758023e-05  2.38012781e-05  4.08822641e-04
  -1.77063790e-04 -4.07123892e-03 -2.35437206e-03 -4.61924449e-02
   9.19589922e-02]
 [ 1.88974116e-03 -9.93365189e-04 -9.58098855e-04  1.54261654e-02
   8.70874710e-03 -4.67438222e-04 -1.92278400e-02  6.52597868e-04
   4.90147038e-04 -1.97506929e-03  1.56867458e-03  5.69805088e-05
   1.22604298e-03  1.49166374e-03 -1.21127423e-05 -3.39500536e-03
   1.00110169e-03  1.28853557e-04 -3.67447850e-04 -4.47313541e-05
   6.86417858e-04  3.21230432e-03  2.45788577e-03 -1.28047890e-03
  -7.14855120e-02]
 [-1.40760548e-03  7.91444327e-04 -3.86755710e-04 -1.74915674e-03
  -8.06486532e-02 -1.25217659e-03 -5.77417165e-02  1.52768148e-03
  -6.80584810e-04  4.21992561e-04  5.69805088e-05  2.86174216e-03
   2.06799037e-03  3.19503690e-03  1.11147623e-04  5.54322556e-04
   9.56974749e-04  2.51317373e-03 -2.83804460e-04 -9.79028526e-04
   1.74078988e-04 -3.55154829e-04 -1.04193867e-03 -3.90581191e-02
   9.52881202e-03]
 [-7.92080886e-04 -1.65300048e-03 -2.66946619e-03  1.42473076e-02
   1.42302802e-02 -3.59434402e-04 -1.04414023e-01  1.16668991e-03
  -7.80929287e-04 -7.43271608e-04  1.22604298e-03  2.06799037e-03
   4.24843561e-03  1.29760173e-03 -1.40117703e-03 -9.11205309e-04
  -1.31778140e-03  2.61963112e-03 -2.90748174e-03  6.81297097e-04
   2.58938898e-03  1.00346224e-03  2.14488176e-03 -3.17446738e-02
  -2.24820785e-02]
 [ 1.46805379e-03  1.77665474e-03  6.94453134e-04 -1.54300742e-02
  -1.50875986e-01 -2.78085703e-03 -2.66640112e-02  1.73703127e-03
   9.14929726e-04 -1.67074893e-03  1.49166374e-03  3.19503690e-03
   1.29760173e-03  7.35182967e-03  9.87902051e-04 -3.88179719e-03
   4.98362072e-03  1.82647572e-03  2.03765463e-03 -2.52927421e-03
  -1.06377236e-03  4.02370514e-03  2.24623989e-04 -4.32879478e-02
  -8.68182480e-02]
 [ 1.74262631e-03 -1.20795635e-03  1.79165756e-04  1.29630223e-01
  -7.80829564e-02 -8.99620412e-04  3.36124003e-02  6.26916531e-03
  -1.53090153e-03 -1.66310580e-03 -1.21127423e-05  1.11147623e-04
  -1.40117703e-03  9.87902051e-04  6.09500473e-03 -1.04304776e-03
   2.57778191e-03  9.75263072e-04  1.92646321e-03 -2.11251015e-03
  -3.14420811e-03 -2.28490637e-04 -2.87147728e-03  5.57007454e-02
   7.09538860e-03]
 [-5.24745928e-03  1.22094527e-03  8.19400244e-04 -3.58621515e-02
   5.42124268e-03  1.30740297e-03 -6.30449271e-03 -1.50194007e-03
  -1.52219331e-03  4.69131675e-03 -3.39500536e-03  5.54322556e-04
  -9.11205309e-04 -3.88179719e-03 -1.04304776e-03  8.37456156e-03
  -3.83912330e-03  8.06904049e-04 -9.58596298e-04  8.56562401e-04
  -4.73921573e-05 -7.84661341e-03 -4.88040177e-03 -4.72419662e-03
   1.73778296e-01]
 [ 2.52076006e-03  1.99596048e-03  1.78614317e-03  1.75767690e-02
  -1.16023935e-01 -1.98405469e-03  4.41670194e-02  2.06347276e-03
   6.71970367e-04 -1.80045771e-03  1.00110169e-03  9.56974749e-04
  -1.31778140e-03  4.98362072e-03  2.57778191e-03 -3.83912330e-03
   5.06659318e-03 -1.31915003e-04  3.35892453e-03 -2.53421185e-03
  -2.62110564e-03  3.56641621e-03 -4.03563492e-04 -1.51399635e-02
  -7.61641711e-02]
 [-1.28553272e-03 -1.06202287e-03 -1.52492383e-03  3.59680876e-02
  -5.36622815e-02 -8.45360919e-04 -7.47767463e-02  2.84284865e-03
  -1.17404258e-03 -2.24758023e-05  1.28853557e-04  2.51317373e-03
   2.61963112e-03  1.82647572e-03  9.75263072e-04  8.06904049e-04
  -1.31915003e-04  2.97870929e-03 -1.32481824e-03 -5.47360629e-04
   5.98617829e-04 -9.67499451e-04 -1.03861187e-03 -8.05725623e-03
   2.19819918e-02]
 [ 1.05082744e-03  3.14739766e-03  2.78805965e-03  3.67284333e-03
  -7.30540603e-02 -8.47693591e-04  8.09768438e-02  5.79070300e-04
   9.36579600e-05  2.38012781e-05 -3.67447850e-04 -2.83804460e-04
  -2.90748174e-03  2.03765463e-03  1.92646321e-03 -9.58596298e-04
   3.35892453e-03 -1.32481824e-03  3.52443056e-03 -1.83662621e-03
  -3.01793544e-03  8.66218004e-04 -1.64217118e-03 -2.19451636e-02
  -1.57753471e-02]
 [-5.40456676e-04 -1.33697479e-03 -1.03905820e-03 -2.74485573e-02
   7.86254033e-02  1.10186357e-03 -1.93478614e-02 -2.12382572e-03
   4.10061446e-04  4.08822641e-04 -4.47313541e-05 -9.79028526e-04
   6.81297097e-04 -2.52927421e-03 -2.11251015e-03  8.56562401e-04
  -2.53421185e-03 -5.47360629e-04 -1.83662621e-03  1.62879168e-03
   1.83726544e-03 -6.19666884e-04  1.41260785e-03  1.26278028e-02
   1.12734921e-02]
 [-5.01721050e-04 -2.48328061e-03 -2.24891957e-03 -4.71010134e-02
   6.77337945e-02  6.10433228e-04 -7.04023615e-02 -2.38491246e-03
   1.03541347e-03 -1.77063790e-04  6.86417858e-04  1.74078988e-04
   2.58938898e-03 -1.06377236e-03 -3.14420811e-03 -4.73921573e-05
  -2.62110564e-03  5.98617829e-04 -3.01793544e-03  1.83726544e-03
   3.23346350e-03  4.60719777e-04  2.53010006e-03  1.35348281e-02
  -1.42387403e-02]
 [ 4.65012016e-03 -5.06425218e-04 -5.28165721e-04  1.64954551e-03
  -3.23663210e-03 -1.25920260e-03  2.96388660e-03  7.26675789e-05
   1.86862622e-03 -4.07123892e-03  3.21230432e-03 -3.55154829e-04
   1.00346224e-03  4.02370514e-03 -2.28490637e-04 -7.84661341e-03
   3.56641621e-03 -9.67499451e-04  8.66218004e-04 -6.19666884e-04
   4.60719777e-04  7.65640754e-03  5.05570415e-03 -1.20520554e-02
  -1.69682667e-01]
 [ 2.34945025e-03 -9.37256729e-04 -1.57320942e-03 -1.82962324e-02
   9.51901078e-02  3.60118953e-04 -2.83120777e-02 -1.95295259e-03
   9.78029799e-04 -2.35437206e-03  2.45788577e-03 -1.04193867e-03
   2.14488176e-03  2.24623989e-04 -2.87147728e-03 -4.88040177e-03
  -4.03563492e-04 -1.03861187e-03 -1.64217118e-03  1.41260785e-03
   2.53010006e-03  5.05570415e-03  5.79485716e-03 -3.20533440e-02
  -1.12845726e-01]
 [ 6.15496412e-02 -1.72519386e-01 -4.83548380e-02  1.08654064e-03
  -3.01683117e-02  4.30435175e-03 -4.61475775e-02  3.66775063e-03
   7.99355954e-02 -4.61924449e-02 -1.28047890e-03 -3.90581191e-02
  -3.17446738e-02 -4.32879478e-02  5.57007454e-02 -4.72419662e-03
  -1.51399635e-02 -8.05725623e-03 -2.19451636e-02  1.26278028e-02
   1.35348281e-02 -1.20520554e-02 -3.20533440e-02  4.96834373e+00
   1.12015400e-02]
 [-1.05343066e-01  2.12296117e-02  1.53668839e-02  8.02455246e-02
   2.51642056e-02  2.73001101e-02 -7.16215512e-03  3.30040161e-03
  -4.78552319e-02  9.19589922e-02 -7.14855120e-02  9.52881202e-03
  -2.24820785e-02 -8.68182480e-02  7.09538860e-03  1.73778296e-01
  -7.61641711e-02  2.19819918e-02 -1.57753471e-02  1.12734921e-02
  -1.42387403e-02 -1.69682667e-01 -1.12845726e-01  1.12015400e-02
   3.77847075e+00]]

S: 
[[ 9.95749941e-01 -3.37984565e-01 -2.64817108e-01 -1.74236445e-01
  -1.80802490e-01  2.84150488e-02 -1.43730712e-02 -2.02861151e-02
   1.27865843e-01  5.34589763e-02  1.04314517e-01  9.39782583e-02
  -4.57061161e-02 -6.01140046e-02 -2.35922537e-02  1.71724630e-01
   1.36798004e-01  1.03981032e-01  5.11528215e-02  1.72201060e-02
   1.30820856e-02  7.44067357e-02 -6.56600357e-02 -1.39240470e-01
   2.19834367e-01]
 [-3.37984565e-01  9.91838913e-01  4.81131772e-01  3.59767917e-01
   4.31157421e-01  9.27016289e-02  6.84938211e-02  1.93526234e-01
  -1.43569775e-01 -1.24641922e-01 -2.07313084e-01 -2.32667462e-01
   2.52682310e-01  2.78718134e-01  2.95106915e-01 -8.88953334e-02
  -5.24946582e-02 -3.44301257e-02 -9.28586750e-02  2.05054706e-02
   1.33152201e-01  1.65274392e-02  1.64574643e-01  2.60463991e-01
  -1.09685004e-01]
 [-2.64817108e-01  4.81131772e-01  9.97095873e-01  3.86504867e-01
   5.43520353e-01  9.69873230e-02  6.76470800e-02  1.32638271e-01
  -1.21134973e-01 -1.57714216e-01 -2.12010192e-01 -2.85703279e-01
   3.91211721e-01  3.77110873e-01  2.52156468e-01 -8.49255245e-02
  -9.00900416e-02 -3.99490710e-02 -1.31028525e-01 -3.58930571e-02
   1.48216308e-01  1.82225119e-03  2.24560095e-01  8.40630621e-02
  -6.49138566e-02]
 [-1.74236445e-01  3.59767917e-01  3.86504867e-01 -3.32341051e+00
   3.66966605e-01  9.17760104e-02  2.14002063e-01 -4.71913212e-02
  -6.52103518e-02 -1.97045858e-01 -1.27086267e-01 -1.86091697e-01
   1.75831200e-01  3.13133620e-01  3.03022603e-02 -6.30740052e-02
  -1.61362727e-01 -1.06255128e-01 -1.69984319e-01  2.03699121e-02
   1.08231921e-01  3.66704432e-02  9.03784511e-02 -3.97116331e-02
  -5.94791613e-02]
 [-1.80802490e-01  4.31157421e-01  5.43520353e-01  3.66966605e-01
  -3.85695791e+00  5.49850496e-02  1.22106154e-01  2.07509343e-01
  -1.15944898e-01 -1.71810059e-01 -2.54539657e-01 -2.51957736e-01
   4.01888568e-01  6.20944902e-01  3.47185587e-01 -2.01155975e-01
  -7.20549228e-02 -8.18350631e-02 -1.29219378e-01 -1.54750794e-01
   9.70994822e-02  3.99485601e-03  1.41966163e-01  4.68138316e-02
  -7.36861786e-02]
 [ 2.84150488e-02  9.27016289e-02  9.69873230e-02  9.17760104e-02
   5.49850496e-02  9.98880952e-01  4.18315840e-01  3.08853383e-01
  -3.39835468e-01 -2.50440535e-01 -2.37915030e-02 -9.08427755e-02
   1.16640166e-01  1.43128809e-01  2.47752151e-01 -6.87630008e-02
  -3.83301888e-02 -2.84829417e-02 -9.65898514e-02 -5.44664399e-02
   1.66682118e-01 -1.12445941e-01  1.90463345e-01  1.05142229e-01
  -1.44849245e-01]
 [-1.43730712e-02  6.84938211e-02  6.76470800e-02  2.14002063e-01
   1.22106154e-01  4.18315840e-01 -1.87517834e+00  3.77033764e-01
  -3.84789826e-01 -3.06956246e-01  3.66790333e-02 -2.38181928e-03
   2.56411935e-01  1.49897087e-01  2.12806153e-01 -1.43536613e-02
  -5.31373949e-02  7.82525976e-02 -1.26020112e-01  7.04945000e-02
   2.35205610e-01 -4.41767320e-02  2.18550825e-01  1.02666545e-01
  -4.77051190e-02]
 [-2.02861151e-02  1.93526234e-01  1.32638271e-01 -4.71913212e-02
   2.07509343e-01  3.08853383e-01  3.77033764e-01  9.91350211e-01
  -3.33276704e-01 -3.38123819e-01 -3.57583048e-03 -7.88080888e-02
   8.59598732e-02  9.04309073e-02  2.05956718e-01 -6.93613947e-02
  -6.25960170e-02 -6.92393593e-02 -1.11839667e-01 -1.00529078e-02
   9.06973443e-02 -2.86460989e-02  6.47642608e-02  1.34300234e-02
  -9.01283407e-03]
 [ 1.27865843e-01 -1.43569775e-01 -1.21134973e-01 -6.52103518e-02
  -1.15944898e-01 -3.39835468e-01 -3.84789826e-01 -3.33276704e-01
   9.96372920e-01  4.77331965e-01  9.32994752e-02  2.01864923e-01
  -7.83421980e-02 -1.08908057e-01 -2.34381115e-01  2.21499591e-01
   1.62296465e-01  2.10699818e-01  2.62567058e-01  1.96170900e-01
  -8.74467669e-02  2.09418753e-01 -7.90953791e-02 -2.99000435e-02
   2.45653056e-01]
 [ 5.34589763e-02 -1.24641922e-01 -1.57714216e-01 -1.97045858e-01
  -1.71810059e-01 -2.50440535e-01 -3.06956246e-01 -3.38123819e-01
   4.77331965e-01  9.96784707e-01  6.59018363e-02  2.61973063e-01
  -1.60069224e-01 -1.96457062e-01 -2.32244928e-01  2.06676477e-01
   2.50602381e-01  2.44638657e-01  3.42996993e-01  1.73614249e-01
  -8.21991545e-02  1.41570234e-01 -7.75894101e-02  1.85035496e-01
  -3.65446316e-02]
 [ 1.04314517e-01 -2.07313084e-01 -2.12010192e-01 -1.27086267e-01
  -2.54539657e-01 -2.37915030e-02  3.66790333e-02 -3.57583048e-03
   9.32994752e-02  6.59018363e-02  9.98431325e-01  4.67100198e-01
  -3.26483590e-01 -4.20050998e-01 -3.01691336e-01  2.06036700e-02
   1.39712694e-02  5.07988684e-02  2.30157362e-01  5.09160136e-02
  -1.01059681e-01  4.14076224e-02 -2.20317998e-01  7.91265059e-02
   1.72391386e-01]
 [ 9.39782583e-02 -2.32667462e-01 -2.85703279e-01 -1.86091697e-01
  -2.51957736e-01 -9.08427755e-02 -2.38181928e-03 -7.88080888e-02
   2.01864923e-01  2.61973063e-01  4.67100198e-01  9.97138258e-01
  -3.82041205e-01 -5.17316341e-01 -3.73964558e-01  1.65585474e-01
   1.92492614e-01  1.94264164e-01  3.45406420e-01  2.55355719e-01
  -1.59459997e-01  8.15944064e-02 -2.27714234e-01  2.13342031e-01
   6.95851057e-02]
 [-4.57061161e-02  2.52682310e-01  3.91211721e-01  1.75831200e-01
   4.01888568e-01  1.16640166e-01  2.56411935e-01  8.59598732e-02
  -7.83421980e-02 -1.60069224e-01 -3.26483590e-01 -3.82041205e-01
   9.95751564e-01  4.17727187e-01  3.84578647e-01 -4.95360545e-02
  -6.56498583e-02 -2.33347019e-02 -1.42610553e-01 -7.51208771e-02
   3.24037661e-01 -6.78107348e-02  3.91191613e-01  8.38061161e-02
  -8.95531110e-02]
 [-6.01140046e-02  2.78718134e-01  3.77110873e-01  3.13133620e-01
   6.20944902e-01  1.43128809e-01  1.49897087e-01  9.04309073e-02
  -1.08908057e-01 -1.96457062e-01 -4.20050998e-01 -5.17316341e-01
   4.17727187e-01  9.92648170e-01  3.14855034e-01 -1.31331154e-01
  -1.44218994e-01 -1.01763993e-01 -2.90126321e-01 -8.98624190e-02
   1.37643832e-01  5.29032214e-02  2.07064682e-01 -5.38187648e-02
   1.40699154e-01]
 [-2.35922537e-02  2.95106915e-01  2.52156468e-01  3.03022603e-02
   3.47185587e-01  2.47752151e-01  2.12806153e-01  2.05956718e-01
  -2.34381115e-01 -2.32244928e-01 -3.01691336e-01 -3.73964558e-01
   3.84578647e-01  3.14855034e-01  9.93904995e-01  3.90904348e-02
   3.31185372e-02 -6.30702337e-02 -2.13615793e-01 -1.32207382e-01
   3.01132809e-01 -8.26403953e-02  2.95666879e-01 -6.06791267e-02
  -1.21881138e-01]
 [ 1.71724630e-01 -8.88953334e-02 -8.49255245e-02 -6.30740052e-02
  -2.01155975e-01 -6.87630008e-02 -1.43536613e-02 -6.93613947e-02
   2.21499591e-01  2.06676477e-01  2.06036700e-02  1.65585474e-01
  -4.95360545e-02 -1.31331154e-01  3.90904348e-02  9.91625438e-01
   7.10820078e-01  5.55618188e-01  3.98764444e-01  3.77269879e-01
  -5.04642864e-02  1.37923318e-01 -4.69813971e-02  8.35512285e-02
  -6.38849333e-02]
 [ 1.36798004e-01 -5.24946582e-02 -9.00900416e-02 -1.61362727e-01
  -7.20549228e-02 -3.83301888e-02 -5.31373949e-02 -6.25960170e-02
   1.62296465e-01  2.50602381e-01  1.39712694e-02  1.92492614e-01
  -6.56498583e-02 -1.44218994e-01  3.31185372e-02  7.10820078e-01
   9.94933407e-01  5.49234992e-01  3.88211452e-01  3.53146851e-01
  -4.54696441e-02  1.23398699e-01 -3.42394751e-02  1.45951242e-01
   1.16030533e-01]
 [ 1.03981032e-01 -3.44301257e-02 -3.99490710e-02 -1.06255128e-01
  -8.18350631e-02 -2.84829417e-02  7.82525976e-02 -6.92393593e-02
   2.10699818e-01  2.44638657e-01  5.07988684e-02  1.94264164e-01
  -2.33347019e-02 -1.01763993e-01 -6.30702337e-02  5.55618188e-01
   5.49234992e-01  9.97021291e-01  5.20829137e-01  4.28966019e-01
  -3.48912542e-02  1.08188560e-01 -2.86099284e-02  1.84562206e-01
   3.81092596e-02]
 [ 5.11528215e-02 -9.28586750e-02 -1.31028525e-01 -1.69984319e-01
  -1.29219378e-01 -9.65898514e-02 -1.26020112e-01 -1.11839667e-01
   2.62567058e-01  3.42996993e-01  2.30157362e-01  3.45406420e-01
  -1.42610553e-01 -2.90126321e-01 -2.13615793e-01  3.98764444e-01
   3.88211452e-01  5.20829137e-01  9.96475569e-01  3.99532772e-01
  -4.59926750e-02  8.19098368e-02 -6.22550543e-02  2.32160277e-01
   5.99812349e-02]
 [ 1.72201060e-02  2.05054706e-02 -3.58930571e-02  2.03699121e-02
  -1.54750794e-01 -5.44664399e-02  7.04945000e-02 -1.00529078e-02
   1.96170900e-01  1.73614249e-01  5.09160136e-02  2.55355719e-01
  -7.51208771e-02 -8.98624190e-02 -1.32207382e-01  3.77269879e-01
   3.53146851e-01  4.28966019e-01  3.99532772e-01  9.98371208e-01
  -1.17917864e-01  1.99117486e-01 -7.74328867e-02  1.01242318e-01
   1.23809793e-01]
 [ 1.30820856e-02  1.33152201e-01  1.48216308e-01  1.08231921e-01
   9.70994822e-02  1.66682118e-01  2.35205610e-01  9.06973443e-02
  -8.74467669e-02 -8.21991545e-02 -1.01059681e-01 -1.59459997e-01
   3.24037661e-01  1.37643832e-01  3.01132809e-01 -5.04642864e-02
  -4.54696441e-02 -3.48912542e-02 -4.59926750e-02 -1.17917864e-01
   9.96766536e-01 -2.14195545e-01  3.92805820e-01  1.64840988e-01
  -2.24753373e-01]
 [ 7.44067357e-02  1.65274392e-02  1.82225119e-03  3.66704432e-02
   3.99485601e-03 -1.12445941e-01 -4.41767320e-02 -2.86460989e-02
   2.09418753e-01  1.41570234e-01  4.14076224e-02  8.15944064e-02
  -6.78107348e-02  5.29032214e-02 -8.26403953e-02  1.37923318e-01
   1.23398699e-01  1.08188560e-01  8.19098368e-02  1.99117486e-01
  -2.14195545e-01  9.92343592e-01 -2.66613660e-01 -5.62682486e-02
   4.94552507e-01]
 [-6.56600357e-02  1.64574643e-01  2.24560095e-01  9.03784511e-02
   1.41966163e-01  1.90463345e-01  2.18550825e-01  6.47642608e-02
  -7.90953791e-02 -7.75894101e-02 -2.20317998e-01 -2.27714234e-01
   3.91191613e-01  2.07064682e-01  2.95666879e-01 -4.69813971e-02
  -3.42394751e-02 -2.86099284e-02 -6.22550543e-02 -7.74328867e-02
   3.92805820e-01 -2.66613660e-01  9.94205143e-01  2.26558116e-01
  -1.97794682e-01]
 [-1.39240470e-01  2.60463991e-01  8.40630621e-02 -3.97116331e-02
   4.68138316e-02  1.05142229e-01  1.02666545e-01  1.34300234e-02
  -2.99000435e-02  1.85035496e-01  7.91265059e-02  2.13342031e-01
   8.38061161e-02 -5.38187648e-02 -6.06791267e-02  8.35512285e-02
   1.45951242e-01  1.84562206e-01  2.32160277e-01  1.01242318e-01
   1.64840988e-01 -5.62682486e-02  2.26558116e-01 -3.96834373e+00
  -1.90252780e-01]
 [ 2.19834367e-01 -1.09685004e-01 -6.49138566e-02 -5.94791613e-02
  -7.36861786e-02 -1.44849245e-01 -4.77051190e-02 -9.01283407e-03
   2.45653056e-01 -3.65446316e-02  1.72391386e-01  6.95851057e-02
  -8.95531110e-02  1.40699154e-01 -1.21881138e-01 -6.38849333e-02
   1.16030533e-01  3.81092596e-02  5.99812349e-02  1.23809793e-01
  -2.24753373e-01  4.94552507e-01 -1.97794682e-01 -1.90252780e-01
  -2.77847075e+00]]

------------

pcp: 

L: 
[[ 0.21002614 -0.14512416 -0.19080511 -0.21691533 -0.20390674  0.03326589
  -0.00523348 -0.03313731  0.12571552  0.15614805 -0.02680649  0.06694804
  -0.01278856 -0.1327931   0.0495304   0.26251558  0.31308301  0.20815335
   0.12845006  0.08304472  0.04578345  0.06150321  0.01188767  0.02152159
   0.04026993]
 [-0.17911812  0.27192657  0.32955247  0.27191722  0.2983809   0.10792139
   0.14242553  0.12708345 -0.17695976 -0.15751689 -0.10744697 -0.19663381
   0.22756205  0.31048562  0.14925818 -0.02740511 -0.03934049  0.0522754
  -0.04829503  0.0287965   0.04196189 -0.0240992   0.10194168  0.0093646
  -0.0419551 ]
 [-0.24069883  0.39113166  0.48906752  0.37290112  0.45655748  0.14192336
   0.19867474  0.14502043 -0.15168304 -0.15762167 -0.12341013 -0.23465899
   0.38503026  0.45202382  0.20382442 -0.00251928 -0.02297277  0.1445558
   0.01610318  0.07223213  0.14289294 -0.0304688   0.23518302  0.10025389
  -0.0774015 ]
 [-0.24310505  0.30954151  0.37653894  0.33163622  0.34750459  0.0947774
   0.14398486  0.13782559 -0.21312812 -0.20255195 -0.09143514 -0.20395072
   0.21682316  0.3327048   0.12409076 -0.09855439 -0.12630434 -0.00585576
  -0.07779515  0.01262356  0.02010784 -0.04054147  0.08782695  0.00193783
  -0.04986485]
 [-0.19829675  0.29764977  0.45010075  0.35167851  0.46977882  0.09643459
   0.11330822  0.08133244 -0.15567966 -0.22198163 -0.12680209 -0.29842857
   0.37082193  0.47428683  0.2038445  -0.29528608 -0.3410254  -0.15492268
  -0.1833038  -0.15732543  0.18989572 -0.12047671  0.27647972  0.06767005
  -0.13493612]
 [ 0.02942261  0.08953506  0.19838527  0.13504663  0.15535327  0.22513424
   0.22939224  0.18642948 -0.23016606 -0.26493012 -0.19034695 -0.27702562
   0.25508766  0.22502744  0.31673255 -0.03105028 -0.0382648  -0.01787047
  -0.11870817 -0.08188281  0.16412115 -0.1308763   0.18838383 -0.02233577
  -0.08263557]
 [-0.03202747  0.12348504  0.21505564  0.16119315  0.16065967  0.20361205
   0.24424969  0.19327777 -0.20292704 -0.24232329 -0.13059739 -0.19511066
   0.21960064  0.17526002  0.24788578  0.02877042  0.0115416   0.05754282
  -0.02001079  0.00990285  0.13813036 -0.10891216  0.16425723  0.01548347
  -0.06546039]
 [-0.02818538  0.07836436  0.13121388  0.13162596  0.06822978  0.18724134
   0.21300271  0.20729969 -0.28622067 -0.27949217 -0.14023837 -0.20380893
   0.09406823  0.10538812  0.21505535 -0.00072291 -0.0095448  -0.0259053
  -0.10627251 -0.02044383  0.01301115 -0.09556403  0.02091958 -0.09332711
  -0.02879517]
 [ 0.06043792 -0.13032339 -0.20732775 -0.22761237 -0.13293439 -0.25366271
  -0.25198503 -0.28941813  0.50392502  0.45699805  0.26006739  0.40248712
  -0.12107083 -0.2404835  -0.33243813  0.14915828  0.15649433  0.20159998
   0.33482616  0.15310874  0.04928108  0.14473526  0.03140121  0.23329708
   0.04466028]
 [ 0.08221662 -0.13513936 -0.244939   -0.26051702 -0.18688861 -0.24237014
  -0.24513861 -0.27698146  0.49788951  0.48990196  0.24656774  0.41602788
  -0.14872958 -0.27172596 -0.32942144  0.25222352  0.27863965  0.28357149
   0.37050421  0.21005111  0.00584609  0.1850407  -0.01908348  0.20903555
   0.07634812]
 [ 0.01097173 -0.14330732 -0.17238368 -0.13096489 -0.13784954 -0.14874212
  -0.11048064 -0.12746561  0.2358444   0.15550103  0.21248734  0.2893113
  -0.17918436 -0.27288117 -0.24584226 -0.00360742 -0.03497419  0.00197752
   0.18220728  0.06514377  0.00441229  0.01266042 -0.02605777  0.11764746
   0.01604415]
 [ 0.02327706 -0.17539606 -0.30972772 -0.2428668  -0.28703974 -0.23191879
  -0.18904348 -0.19192201  0.36398434  0.35655438  0.29575225  0.4706985
  -0.32429067 -0.43446668 -0.39615946  0.23161523  0.23394907  0.21035299
   0.35914675  0.2450564  -0.12220958  0.14973768 -0.17232555  0.12550699
   0.10778305]
 [ 0.01437421  0.1782813   0.38576416  0.22160265  0.38808112  0.23241322
   0.23253303  0.12780739 -0.10547154 -0.23160013 -0.20558982 -0.34461013
   0.5151545   0.44540092  0.39726657 -0.14690791 -0.17588884 -0.02608283
  -0.10406261 -0.15903707  0.40246897 -0.18581875  0.47034752  0.14264017
  -0.17971418]
 [-0.07845442  0.26488115  0.39687704  0.28622848  0.38493857  0.19753331
   0.16829965  0.14652852 -0.25701409 -0.25115951 -0.26208194 -0.42398291
   0.40670034  0.5088187   0.35908914 -0.16500609 -0.1648499  -0.08421599
  -0.24953126 -0.16499782  0.16836099 -0.0995015   0.24248989 -0.03058042
  -0.10993263]
 [ 0.09073865  0.10052948  0.18173987  0.10251641  0.11423525  0.28556368
   0.26117489  0.22460926 -0.28217324 -0.25008932 -0.27890421 -0.35019437
   0.28918133  0.26640327  0.40941093  0.10264699  0.13339026  0.08523356
  -0.13059479 -0.04712877  0.13558031 -0.08671831  0.15730603 -0.07876832
  -0.05357453]
 [ 0.11954683 -0.05835175 -0.14699717 -0.17404921 -0.21467245  0.06008233
   0.10250911  0.03894256  0.15134963  0.19480468  0.04990866  0.21087101
  -0.03911017 -0.22901899 -0.01534144  0.53194656  0.57986232  0.49873343
   0.39457756  0.34825314  0.01142367  0.12199352 -0.02022843  0.10127874
   0.08863287]
 [ 0.07549121  0.00950801 -0.11579625 -0.14563985 -0.18040453  0.0260221
   0.05122003  0.01232436  0.1518924   0.25723128  0.03261196  0.19364415
  -0.04089881 -0.16200497 -0.04212628  0.56338225  0.63158098  0.53783109
   0.37784419  0.37471261 -0.06230956  0.19068915 -0.08113931  0.06979987
   0.11913089]
 [-0.00797532  0.10912543  0.02299416 -0.0415126  -0.03841358  0.03561854
   0.09171587  0.02496782  0.1676895   0.23512391  0.0481198   0.18260014
   0.06285764 -0.06332907 -0.03159644  0.53285491  0.57997187  0.56839764
   0.42421038  0.39956993  0.01111252  0.16949122  0.01908197  0.14868798
   0.08420781]
 [-0.02759359  0.03020223 -0.11451305 -0.14007693 -0.16532574 -0.08712652
   0.0098463  -0.064497    0.35297606  0.39504081  0.22577813  0.44532918
  -0.10826321 -0.29870469 -0.25501622  0.62901875  0.66335331  0.66485236
   0.62779366  0.53485108 -0.04248039  0.22900867 -0.05815079  0.23318842
   0.13102836]
 [-0.07142255  0.07398798 -0.06074646 -0.07121518 -0.12418474 -0.05248088
   0.0455455  -0.00888586  0.23344473  0.29349243  0.17990036  0.36162865
  -0.10421999 -0.24132447 -0.21050265  0.56642388  0.59603754  0.59300895
   0.53645836  0.49528662 -0.08457854  0.20446998 -0.09380999  0.16894799
   0.12659175]
 [ 0.05953736  0.04381607  0.20173766  0.07551365  0.23482197  0.1020414
   0.10374485  0.00459173  0.08272144 -0.06671257 -0.06388812 -0.13258115
   0.34797496  0.2299927   0.20544412 -0.12568389 -0.15869878 -0.02269924
   0.00416939 -0.12158596  0.36244541 -0.14073056  0.40068868  0.19220216
  -0.1450512 ]
 [-0.01709081 -0.00860103 -0.10303361 -0.07465627 -0.09681781 -0.10759632
  -0.11911111 -0.08639533  0.1059506   0.1827924   0.0690862   0.13384177
  -0.13454143 -0.09625754 -0.15409126  0.1269635   0.1560919   0.10976331
   0.08839428  0.1071874  -0.14103635  0.12820876 -0.15109767 -0.01767852
   0.07878473]
 [ 0.06827212  0.05295155  0.22189545  0.09645357  0.2400967   0.15184818
   0.15120284  0.05461395  0.00509873 -0.13578389 -0.11139859 -0.19663199
   0.369679    0.25876843  0.26997948 -0.12753766 -0.15816083 -0.0382722
  -0.04052952 -0.14001681  0.36138833 -0.16311921  0.39957247  0.15538658
  -0.15050661]
 [-0.03395878  0.06983755  0.05890724 -0.01960684  0.07109763 -0.06581814
  -0.01499018 -0.09555917  0.29963786  0.25109333  0.13348738  0.216702
   0.10429113 -0.02300336 -0.11269282  0.23419036  0.23279617  0.33228145
   0.35107901  0.22781623  0.13863331  0.08611481  0.15975443  0.24891997
   0.00255778]
 [-0.03479845  0.01335896 -0.04848442 -0.01913521 -0.05874242 -0.04663602
  -0.04326608 -0.01681377  0.01064318  0.06831812  0.03311068  0.0673849
  -0.09801308 -0.0618905  -0.08544741  0.08634835  0.10210276  0.06759891
   0.0453115   0.08104001 -0.1167673   0.07405254 -0.12325395 -0.03651184
   0.0554477 ]]

S: 
[[ 0.78997386 -0.19506909 -0.07444194 -0.         -0.          0.
   0.          0.          0.         -0.          0.08930614  0.
   0.          0.         -0.          0.          0.          0.
  -0.         -0.          0.          0.         -0.         -0.09921242
   0.        ]
 [-0.16107513  0.72807343  0.15554556  0.06316998  0.0904559  -0.
  -0.          0.06540257  0.          0.         -0.         -0.
  -0.         -0.          0.14464078 -0.          0.         -0.
  -0.          0.          0.          0.         -0.          0.07858001
  -0.        ]
 [-0.02454822  0.09396638  0.51093248  0.          0.04758366 -0.
  -0.          0.         -0.         -0.          0.         -0.
   0.          0.         -0.          0.          0.          0.
   0.         -0.10916425 -0.         -0.          0.          0.
   0.        ]
 [-0.          0.02554569  0.          0.66836378  0.         -0.
   0.08809457 -0.00560434 -0.         -0.0396531   0.          0.
  -0.          0.         -0.          0.         -0.          0.
  -0.00725128  0.          0.          0.         -0.         -0.
  -0.        ]
 [-0.          0.09243382  0.05404039  0.          0.53022118  0.02217584
  -0.          0.          0.          0.         -0.          0.
   0.00946084  0.         -0.         -0.         -0.         -0.
   0.          0.         -0.          0.          0.         -0.
   0.        ]
 [ 0.         -0.         -0.         -0.          0.          0.77486576
   0.19843085  0.12130193 -0.1099991  -0.          0.          0.
  -0.13880693  0.          0.         -0.          0.          0.
  -0.          0.         -0.         -0.          0.          0.13178235
  -0.        ]
 [ 0.         -0.         -0.          0.02841269 -0.          0.22421103
   0.75575031  0.         -0.17642789 -0.          0.          0.
   0.          0.          0.         -0.          0.         -0.
   0.          0.          0.          0.06769932  0.02598152 -0.
   0.        ]
 [ 0.          0.11412166  0.         -0.          0.          0.05083002
   0.          0.79270031 -0.05050042 -0.06062068  0.          0.
   0.         -0.          0.          0.         -0.         -0.
  -0.          0.          0.          0.         -0.          0.
   0.02308274]
 [ 0.          0.         -0.         -0.          0.         -0.08650245
  -0.12736989 -0.04730297  0.49607498  0.01937275  0.          0.
   0.         -0.         -0.          0.         -0.         -0.
  -0.          0.          0.          0.03297212  0.          0.
   0.14009468]
 [-0.          0.         -0.         -0.          0.         -0.
  -0.         -0.06313139  0.          0.51009804 -0.          0.
  -0.          0.          0.         -0.          0.          0.
   0.         -0.          0.          0.          0.          0.
   0.        ]
 [ 0.         -0.          0.          0.         -0.          0.
   0.          0.          0.         -0.          0.78751266  0.17784588
  -0.         -0.14567816 -0.         -0.         -0.          0.
   0.04758263 -0.01427249  0.          0.         -0.          0.
   0.        ]
 [ 0.         -0.         -0.          0.          0.          0.
   0.          0.          0.          0.          0.17140493  0.5293015
  -0.         -0.07965462 -0.         -0.          0.         -0.
  -0.          0.         -0.          0.          0.          0.04877692
  -0.        ]
 [ 0.         -0.          0.         -0.          0.         -0.11613249
   0.          0.          0.         -0.         -0.         -0.
   0.4848455   0.          0.         -0.         -0.          0.
   0.          0.          0.          0.          0.          0.
   0.        ]
 [ 0.         -0.          0.          0.01147507  0.00654385  0.
   0.         -0.         -0.          0.         -0.15647739 -0.0901384
   0.          0.4911813  -0.         -0.          0.          0.
  -0.         -0.          0.          0.          0.         -0.
   0.14266956]
 [ 0.          0.19336948 -0.         -0.          0.          0.
   0.          0.         -0.          0.         -0.         -0.
   0.         -0.          0.59058907  0.          0.         -0.
  -0.         -0.          0.09059191  0.          0.         -0.
   0.        ]
 [ 0.         -0.          0.          0.         -0.         -0.
  -0.          0.          0.         -0.         -0.         -0.
  -0.         -0.          0.05338883  0.46805344  0.12711863  0.05769167
   0.          0.          0.         -0.          0.         -0.
   0.        ]
 [ 0.          0.          0.         -0.         -0.          0.
   0.         -0.         -0.          0.         -0.          0.
  -0.          0.          0.0778226   0.14359871  0.36841902  0.01127199
   0.          0.         -0.          0.         -0.          0.
  -0.        ]
 [ 0.         -0.          0.          0.         -0.          0.
  -0.         -0.         -0.          0.          0.         -0.
   0.          0.         -0.          0.02357018  0.          0.43160236
   0.          0.         -0.         -0.         -0.04873051  0.
  -0.        ]
 [-0.         -0.          0.         -0.02623455  0.         -0.
   0.         -0.         -0.          0.          0.00401179 -0.
   0.         -0.         -0.          0.          0.          0.
   0.37220634  0.          0.         -0.         -0.         -0.
   0.        ]
 [-0.          0.         -0.          0.          0.          0.
   0.          0.          0.         -0.         -0.12779708  0.
   0.         -0.         -0.          0.          0.          0.
   0.          0.50471338 -0.00551873  0.          0.         -0.
   0.        ]
 [ 0.          0.         -0.          0.         -0.         -0.
   0.          0.          0.          0.          0.         -0.
   0.          0.          0.08820028  0.         -0.         -0.
   0.         -0.          0.63755459 -0.          0.          0.
  -0.01070107]
 [ 0.00366051  0.02462204 -0.          0.          0.         -0.
   0.          0.          0.08234489  0.          0.          0.
   0.          0.          0.         -0.          0.         -0.
  -0.          0.01090512 -0.07269847  0.87179124 -0.11046029  0.
   0.24608511]
 [-0.         -0.          0.         -0.          0.          0.
   0.         -0.          0.          0.         -0.          0.
   0.          0.          0.          0.         -0.         -0.
  -0.          0.          0.         -0.09843875  0.60042753  0.
  -0.1601338 ]
 [-0.          0.          0.         -0.         -0.          0.17526472
  -0.          0.          0.          0.          0.          0.
   0.         -0.         -0.         -0.          0.          0.
  -0.         -0.          0.03526215  0.          0.          0.75108003
  -0.02610703]
 [ 0.         -0.          0.         -0.          0.         -0.
   0.          0.01110134  0.18715464  0.          0.         -0.
   0.          0.1157714   0.          0.         -0.         -0.
   0.          0.         -0.05375595  0.2508173  -0.17502998 -0.1425394
   0.9445523 ]]

------------

M: 
[[ 1.00000000e+00 -3.40193248e-01 -2.65247052e-01 -1.46424511e-01
  -1.81438268e-01  2.78028350e-02  1.63595158e-02 -1.93374792e-02
   1.29669558e-01  5.00880368e-02  1.06204259e-01  9.25706528e-02
  -4.64981969e-02 -5.86459509e-02 -2.18496274e-02  1.66477171e-01
   1.39318764e-01  1.02695499e-01  5.22036489e-02  1.66796493e-02
   1.25803646e-02  7.90568559e-02 -6.33105854e-02 -7.76908288e-02
   1.14491301e-01]
 [-3.40193248e-01  1.00000000e+00  4.85098039e-01  3.35087208e-01
   3.90083584e-01  9.23743235e-02  1.36278026e-01  1.92486023e-01
  -1.45889506e-01 -1.22032439e-01 -2.08306449e-01 -2.31876018e-01
   2.51029310e-01  2.80494789e-01  2.93898959e-01 -8.76743881e-02
  -5.04986977e-02 -3.54921486e-02 -8.97112773e-02  1.91684958e-02
   1.30668921e-01  1.60210139e-02  1.63637386e-01  8.79446053e-02
  -8.84553924e-02]
 [-2.65247052e-01  4.85098039e-01  1.00000000e+00  3.60428299e-01
   5.04141144e-01  9.67817724e-02  1.41480508e-01  1.31539187e-01
  -1.21342148e-01 -1.56371434e-01 -2.12968291e-01 -2.86090034e-01
   3.88542255e-01  3.77805326e-01  2.52335634e-01 -8.41061243e-02
  -8.83038985e-02 -4.14739949e-02 -1.28240465e-01 -3.69321153e-02
   1.45967388e-01  1.29408547e-03  2.22986886e-01  3.57082240e-02
  -4.95469727e-02]
 [-1.46424511e-01  3.35087208e-01  3.60428299e-01  1.00000000e+00
   3.07537265e-01  8.94737840e-02  2.32079429e-01  1.32221252e-01
  -1.51839742e-01 -2.42205052e-01 -1.11660101e-01 -1.87840854e-01
   1.90078507e-01  2.97703546e-01  1.59932483e-01 -9.89361568e-02
  -1.43785958e-01 -7.02870400e-02 -1.66311475e-01 -7.07864517e-03
   6.11309073e-02  3.83199887e-02  7.20822186e-02 -3.86250925e-02
   2.07663633e-02]
 [-1.81438268e-01  3.90083584e-01  5.04141144e-01  3.07537265e-01
   1.00000000e+00  1.20676632e-01  1.13879401e-01  1.34267401e-01
  -1.25266251e-01 -1.69589030e-01 -2.45830910e-01 -3.32606389e-01
   4.16118848e-01  4.70068916e-01  2.69102630e-01 -1.95734732e-01
  -1.88078858e-01 -1.35497345e-01 -2.02273438e-01 -7.61253909e-02
   1.64833277e-01  7.58223912e-04  2.37156271e-01  1.66455200e-02
  -4.85219731e-02]
 [ 2.78028350e-02  9.23743235e-02  9.67817724e-02  8.94737840e-02
   1.20676632e-01  1.00000000e+00  4.27823083e-01  3.07731412e-01
  -3.40165167e-01 -2.49744159e-01 -2.42589412e-02 -9.20949521e-02
   1.16280731e-01  1.40347952e-01  2.46852530e-01 -6.74555979e-02
  -4.03142435e-02 -2.93283026e-02 -9.74375449e-02 -5.33645763e-02
   1.67292551e-01 -1.13705143e-01  1.90823464e-01  1.09446581e-01
  -1.17549135e-01]
 [ 1.63595158e-02  1.36278026e-01  1.41480508e-01  2.32079429e-01
   1.13879401e-01  4.27823083e-01  1.00000000e+00  3.55702096e-01
  -3.79354923e-01 -2.97741610e-01  1.74511933e-02 -6.01235358e-02
   1.51997911e-01  1.23233076e-01  2.46418553e-01 -2.06581540e-02
  -8.97037545e-03  3.47585124e-03 -4.50432685e-02  5.11466386e-02
   1.64803249e-01 -4.12128454e-02  1.90238748e-01  5.65189671e-02
  -5.48672741e-02]
 [-1.93374792e-02  1.92486023e-01  1.31539187e-01  1.32221252e-01
   1.34267401e-01  3.07731412e-01  3.55702096e-01  1.00000000e+00
  -3.36721099e-01 -3.40112848e-01 -2.92323261e-03 -7.72804073e-02
   8.71265631e-02  9.21679386e-02  2.12225884e-01 -7.08633347e-02
  -6.05325443e-02 -6.63965107e-02 -1.11260597e-01 -1.21767335e-02
   8.83124319e-02 -2.85734313e-02  6.28113082e-02  1.70977740e-02
  -5.71243246e-03]
 [ 1.29669558e-01 -1.45889506e-01 -1.21342148e-01 -1.51839742e-01
  -1.25266251e-01 -3.40165167e-01 -3.79354923e-01 -3.36721099e-01
   1.00000000e+00  4.76370808e-01  9.37896223e-02  2.01184338e-01
  -7.91231273e-02 -1.07993127e-01 -2.35912016e-01  2.19977398e-01
   1.62968436e-01  2.09525776e-01  2.62660716e-01  1.96580962e-01
  -8.64113535e-02  2.11287379e-01 -7.81173493e-02  5.00355519e-02
   1.97797824e-01]
 [ 5.00880368e-02 -1.22032439e-01 -1.56371434e-01 -2.42205052e-01
  -1.69589030e-01 -2.49744159e-01 -2.97741610e-01 -3.40112848e-01
   4.76370808e-01  1.00000000e+00  6.39267670e-02  2.62395056e-01
  -1.60812496e-01 -1.98127811e-01 -2.33908034e-01  2.11367794e-01
   2.48801924e-01  2.44616181e-01  3.43020794e-01  1.74023071e-01
  -8.23762183e-02  1.37498995e-01 -7.99437822e-02  1.38843052e-01
   5.54143606e-02]
 [ 1.06204259e-01 -2.08306449e-01 -2.12968291e-01 -1.11660101e-01
