DENISE trained 300 epochs with 800000 10x10 rank 3 matrices.
DENISE: 

L: 
 [[ 2.1328278e-02  4.7067016e-02 -4.1581485e-03 -8.1333881e-03
  -2.2798814e-01 -5.0106510e-03  6.0527708e-02 -3.9566420e-03
  -8.2819685e-03  5.5717822e-04]
 [ 4.7067016e-02  2.7032351e+00 -1.5702669e-02 -1.8624464e-03
   2.8090859e-02 -1.2528112e-02  2.1293515e-03  7.8033939e-02
   3.1743150e-02 -7.7115536e-02]
 [-4.1581485e-03 -1.5702669e-02  4.2585474e-03  1.9012560e-03
   5.3220462e-02 -1.3780809e-04 -1.3393988e-02  1.1226273e-03
   8.9638621e-02  2.9144844e-04]
 [-8.1333881e-03 -1.8624464e-03  1.9012560e-03  3.2380861e-03
   9.1277398e-02  1.7856609e-03 -2.4094788e-02  2.1048211e-03
   1.2611991e-02 -6.7621970e-04]
 [-2.2798814e-01  2.8090859e-02  5.3220462e-02  9.1277398e-02
   2.5753953e+00  4.9967054e-02 -6.7953634e-01  6.1701998e-02
   3.5835403e-01 -2.1367807e-02]
 [-5.0106510e-03 -1.2528112e-02 -1.3780809e-04  1.7856609e-03
   4.9967054e-02  1.5424787e-03 -1.3518482e-02  6.9496746e-04
  -2.6811875e-02 -1.5285207e-04]
 [ 6.0527708e-02  2.1293515e-03 -1.3393988e-02 -2.4094788e-02
  -6.7953634e-01 -1.3518482e-02  1.7949706e-01 -1.5935078e-02
  -7.5446226e-02  5.4289075e-03]
 [-3.9566420e-03  7.8033939e-02  1.1226273e-03  2.1048211e-03
   6.1701998e-02  6.9496746e-04 -1.5935078e-02  3.7245634e-03
   1.7825151e-02 -2.6847504e-03]
 [-8.2819685e-03  3.1743150e-02  8.9638621e-02  1.2611991e-02
   3.5835403e-01 -2.6811875e-02 -7.5446226e-02  1.7825151e-02
   2.2686009e+00  3.5001996e-03]
 [ 5.5717822e-04 -7.7115536e-02  2.9144844e-04 -6.7621970e-04
  -2.1367807e-02 -1.5285207e-04  5.4289075e-03 -2.6847504e-03
   3.5001996e-03  2.3879344e-03]]

S: 
[[ 0.97867172  0.51365703  0.79863649  0.48084656  0.00805079  0.64276823
   0.68414864  0.56887806  0.43039366  0.34620899]
 [ 0.51365703 -1.70323515  0.70072833  0.15321996 -0.7947442   0.31425853
   0.9333165   0.7588093   0.19494686  0.17237903]
 [ 0.79863649  0.70072833  0.99574145  0.42709289 -0.56379652  0.45341367
   0.82253071  0.72784525  0.07716577  0.16901115]
 [ 0.48084656  0.15321996  0.42709289  0.99676191 -0.00960389  0.52744226
   0.28855113  0.08830771  0.20535499  0.45559143]
 [ 0.00805079 -0.7947442  -0.56379652 -0.00960389 -1.57539535  0.00209099
  -0.02050651 -0.82884655 -0.03092381  0.45451094]
 [ 0.64276823  0.31425853  0.45341367  0.52744226  0.00209099  0.99845752
   0.46688741  0.34480267  0.62737563  0.66442743]
 [ 0.68414864  0.9333165   0.82253071  0.28855113 -0.02050651  0.46688741
   0.82050294  0.89057547  0.39401693  0.11783746]
 [ 0.56887806  0.7588093   0.72784525  0.08830771 -0.82884655  0.34480267
   0.89057547  0.99627544  0.16129982 -0.02785057]
 [ 0.43039366  0.19494686  0.07716577  0.20535499 -0.03092381  0.62737563
   0.39401693  0.16129982 -1.26860094  0.67109615]
 [ 0.34620899  0.17237903  0.16901115  0.45559143  0.45451094  0.66442743
   0.11783746 -0.02785057  0.67109615  0.99761207]]

------------

pcp: 

L: 
[[ 0.83039238  0.63900902  0.78785336  0.51293391 -0.28624522  0.73070554
   0.84079692  0.69694621  0.43650121  0.38579716]
 [ 0.50961908  0.79944175  0.56845389  0.10607506 -0.61989562  0.35807446
   0.87653055  0.83296554  0.26377862 -0.02213877]
 [ 0.70742352  0.66128722  0.79997     0.41210466 -0.48750863  0.49900863
   0.83858277  0.77940752  0.12459229  0.05576564]
 [ 0.45835782  0.05144717  0.34912619  0.4298289   0.19609605  0.49159233
   0.19328292  0.06970851  0.29799609  0.44806125]
 [-0.26959562 -0.7810841  -0.54533047  0.07041082  0.9076055   0.04880171
  -0.81136203 -0.90988742  0.26456506  0.56258091]
 [ 0.6643066   0.33098839  0.46074609  0.45841408  0.11434493  0.74782726
   0.48933287  0.29059837  0.66201993  0.67416269]
 [ 0.67969827  0.82287892  0.68424025  0.2584178  -0.5355567   0.55322617
   0.94945616  0.85341466  0.40888314  0.16925529]
 [ 0.53580734  0.79548392  0.63102486  0.14895584 -0.65018389  0.34652198
   0.88940618  0.85935198  0.1770154  -0.07596316]
 [ 0.50795515  0.32797491  0.24524061  0.2709696   0.14222435  0.66983227
   0.41835342  0.21523032  0.79462683  0.70123539]
 [ 0.46373937  0.02302398  0.1716107   0.39083044  0.42535453  0.66784166
   0.1382291  -0.07496438  0.71560103  0.80570193]]

S: 
[[ 1.69607621e-01 -0.00000000e+00  6.62497965e-03  0.00000000e+00
   5.09757072e-02  0.00000000e+00  0.00000000e+00  0.00000000e+00
   0.00000000e+00 -3.90309881e-02]
 [-0.00000000e+00  2.00558251e-01  0.00000000e+00  0.00000000e+00
  -6.86382059e-02 -5.63440438e-02  5.89152986e-02  0.00000000e+00
   0.00000000e+00  1.17402265e-01]
 [ 8.70548140e-02  0.00000000e+00  2.00029995e-01  0.00000000e+00
   0.00000000e+00 -0.00000000e+00  0.00000000e+00  0.00000000e+00
  -0.00000000e+00  0.00000000e+00]
 [ 0.00000000e+00  0.00000000e+00  7.98679571e-02  5.70171097e-01
  -0.00000000e+00  3.76355840e-02 -0.00000000e+00 -0.00000000e+00
  -8.00291053e-02  0.00000000e+00]
 [ 2.19771104e-02 -0.00000000e+00  0.00000000e+00 -0.00000000e+00
   9.06695411e-02 -0.00000000e+00 -0.00000000e+00 -0.00000000e+00
   6.28651615e-02  0.00000000e+00]
 [ 0.00000000e+00 -0.00000000e+00 -0.00000000e+00  7.08138336e-02
  -2.28920962e-02  2.52172737e-01 -0.00000000e+00  5.48992724e-02
   0.00000000e+00  0.00000000e+00]
 [ 5.11879392e-04  5.37695066e-02  0.00000000e+00 -0.00000000e+00
  -0.00000000e+00 -0.00000000e+00  8.58740924e-03 -0.00000000e+00
   0.00000000e+00 -0.00000000e+00]
 [ 0.00000000e+00  0.00000000e+00  6.09828362e-02 -5.85433141e-02
  -1.67043096e-02  0.00000000e+00 -0.00000000e+00  1.40648023e-01
   0.00000000e+00 -0.00000000e+00]
 [ 0.00000000e+00  0.00000000e+00 -7.84362182e-02 -5.30026180e-02
   1.85205873e-01  0.00000000e+00  0.00000000e+00  0.00000000e+00
   2.05373169e-01  0.00000000e+00]
 [-1.16973197e-01  7.22395136e-02  0.00000000e+00  0.00000000e+00
   0.00000000e+00  0.00000000e+00 -0.00000000e+00 -0.00000000e+00
   0.00000000e+00  1.94298066e-01]]

------------

M: 
[[ 1.          0.56072405  0.79447834  0.47271317 -0.21993735  0.63775758
   0.74467635  0.56492142  0.42211169  0.34676617]
 [ 0.56072405  1.          0.68502566  0.15135751 -0.76665334  0.30173041
   0.93544585  0.83684324  0.22669001  0.0952635 ]
 [ 0.79447834  0.68502566  1.          0.42899415 -0.51057606  0.45327586
   0.80913672  0.72896788  0.16680439  0.1693026 ]
 [ 0.47271317  0.15135751  0.42899415  1.          0.08167351  0.52922792
   0.26445634  0.09041253  0.21796698  0.45491521]
 [-0.21993735 -0.76665334 -0.51057606  0.08167351  1.          0.05205804
  -0.70004285 -0.76714456  0.32743022  0.43314313]
 [ 0.63775758  0.30173041  0.45327586  0.52922792  0.05205804  1.
   0.45336892  0.34549764  0.60056376  0.66427458]
 [ 0.74467635  0.93544585  0.80913672  0.26445634 -0.70004285  0.45336892
   1.          0.87464039  0.3185707   0.12326636]
 [ 0.56492142  0.83684324  0.72896788  0.09041253 -0.76714456  0.34549764
   0.87464039  1.          0.17912497 -0.03053532]
 [ 0.42211169  0.22669001  0.16680439  0.21796698  0.32743022  0.60056376
   0.3185707   0.17912497  1.          0.67459635]
 [ 0.34676617  0.0952635   0.1693026   0.45491521  0.43314313  0.66427458
   0.12326636 -0.03053532  0.67459635  1.        ]]

Relative Error of L : 1.082368726776637
Relative Error of S: 6.875132297330857
