DENISE trained 300 epochs with 80000 27x27 rank 5 matrices.
DENISE: 

L: 
 [[ 4.43034315e+00 -5.79632893e-02  1.25060705e-02  2.20028952e-01
  -2.22118586e-01  6.92448020e-02  1.25275981e-02 -9.83881056e-02
   4.58614677e-02  1.25601709e-01  1.63417652e-01  4.37666439e-02
   5.52131049e-02  1.35782331e-01  1.38816694e-02  1.11873887e-01
  -5.51972501e-02  4.33177128e-02 -1.40290707e-01  8.36229175e-02
   9.04410034e-02  2.30418295e-02  1.83349109e+00 -4.66862097e-02
   6.06920160e-02 -1.75946876e-01  8.85527879e-02]
 [-5.79632893e-02  1.73848157e-03  3.98147628e-02 -2.76549719e-03
   3.07520083e-03 -2.48206127e-03  3.14741628e-04  1.74747582e-03
  -1.03610838e-02  1.31300455e-02 -2.50219018e-03 -1.14369509e-03
  -1.21181982e-03 -1.35073753e-03 -4.45612794e-04 -1.62521354e-03
   1.16106949e-03 -1.25984591e-03  2.70293257e-03 -9.64227482e-04
  -1.26223476e-03  5.94850979e-04 -2.51143090e-02  5.48552759e-02
  -1.45048485e-03  3.11852200e-03  4.64429206e-04]
 [ 1.25060705e-02  3.98147628e-02  4.97933960e+00 -2.28880532e-02
   8.71664435e-02 -8.11023712e-02 -1.51231876e-02 -7.35637695e-02
   6.74485415e-02  8.66559130e-05 -5.72560802e-02  1.15517736e-03
  -1.53667470e-02  2.76917424e-02 -8.11367631e-02  5.55837564e-02
   6.32352829e-02 -2.60914620e-02  8.57139304e-02  6.19240887e-02
  -7.47078881e-02  1.83144957e-02 -4.65106107e-02  2.92204209e-02
  -1.09801004e-02  6.12102188e-02  5.49563207e-02]
 [ 2.20028952e-01 -2.76549719e-03 -2.28880532e-02  1.23068104e-02
  -1.27103999e-02  2.91341310e-03  5.51336911e-04 -3.65782715e-03
  -5.40632308e-02  6.20696060e-02  9.19271447e-03  2.97756540e-03
   3.40192392e-03  7.70819467e-03  7.96257576e-04  3.82183609e-03
  -4.51334240e-03  3.67374555e-03 -7.96604529e-03  4.23443317e-03
   5.01555810e-03  1.48643286e-03  8.96538720e-02 -1.03612721e-03
   2.97410740e-03 -8.62308312e-03  3.38818855e-03]
 [-2.22118586e-01  3.07520083e-03  8.71664435e-02 -1.27103999e-02
   1.55064296e-02 -4.30503348e-03 -3.86090192e-04  1.05401000e-03
   1.13119923e-01 -6.91255613e-04 -1.11137852e-02 -3.25996755e-03
  -4.77528805e-03 -7.84796663e-03 -1.72914704e-03 -1.28943578e-03
   5.81054948e-03 -2.28188443e-03  1.02520492e-02 -1.69149204e-03
  -5.97813772e-03 -2.18413677e-03 -8.98419991e-02 -2.54121516e-02
  -3.76665010e-03  8.60005431e-03 -2.82655680e-03]
 [ 6.92448020e-02 -2.48206127e-03 -8.11023712e-02  2.91341310e-03
  -4.30503348e-03  4.14905138e-03 -4.67178470e-04 -1.43277354e-03
   1.22154038e-02 -6.46860972e-02  3.48768127e-03  1.25159090e-03
   1.84502709e-03  1.13890076e-03  1.07268780e-03  1.49677508e-03
  -1.40789931e-03  5.13608160e-04 -4.05208673e-03 -6.43308085e-05
   1.83853996e-03 -7.57801114e-04  3.05764079e-02 -6.46585226e-02
   2.18908605e-03 -3.99217289e-03 -7.88677600e-04]
 [ 1.25275981e-02  3.14741628e-04 -1.51231876e-02  5.51336911e-04
  -3.86090192e-04 -4.67178470e-04  1.04505033e-03  1.71404143e-04
   3.46925445e-02  2.18539312e-02 -3.33544995e-05 -1.05164864e-03
  -9.78286611e-04 -7.17533112e-05  9.35709046e-04  7.88951933e-04
   3.60020495e-04 -2.34826206e-04  2.72994221e-04  1.94376757e-04
   1.08745997e-03  3.80032026e-04  5.69926575e-03  5.52968010e-02
  -7.26545986e-04 -8.33042432e-04  1.82758120e-03]
 [-9.83881056e-02  1.74747582e-03 -7.35637695e-02 -3.65782715e-03
   1.05401000e-03 -1.43277354e-03  1.71404143e-04  6.35678275e-03
  -9.23392326e-02 -1.96359064e-02 -1.28823344e-03 -9.79069388e-04
  -4.81329917e-05 -2.30997941e-03  1.05796545e-03 -6.34454284e-03
  -8.63239693e-04 -2.09522666e-03  7.33369379e-04 -4.65259515e-03
  -3.22464941e-04  1.06399541e-03 -4.27008905e-02  8.32826346e-02
  -1.24367233e-03  4.36325464e-03 -1.76361541e-03]
 [ 4.58614677e-02 -1.03610838e-02  6.74485415e-02 -5.40632308e-02
   1.13119923e-01  1.22154038e-02  3.46925445e-02 -9.23392326e-02
   4.91074610e+00  5.45409322e-02 -8.12903419e-02 -6.30354732e-02
  -8.29683095e-02 -6.52026385e-02  2.59308852e-02  1.37698770e-01
   8.98971409e-02 -8.22745450e-03  7.77043700e-02  4.79846112e-02
   4.65857284e-03 -4.20721024e-02  1.39050037e-01 -4.93815122e-03
  -3.22363637e-02 -5.08375876e-02  5.99095523e-02]
 [ 1.25601709e-01  1.31300455e-02  8.66559130e-05  6.20696060e-02
  -6.91255613e-04 -6.46860972e-02  2.18539312e-02 -1.96359064e-02
   5.45409322e-02  5.07306528e+00 -8.16661585e-03  1.01984376e-02
  -3.08042020e-02  3.27578671e-02  2.17728806e-03  1.24589829e-02
  -4.16971408e-02  1.20627470e-01  2.28798874e-02  8.52128491e-02
   2.13913284e-02 -6.88491017e-03  3.00820190e-02 -3.11809853e-02
  -3.90360840e-02 -2.08523627e-02 -8.42108205e-03]
 [ 1.63417652e-01 -2.50219018e-03 -5.72560802e-02  9.19271447e-03
  -1.11137852e-02  3.48768127e-03 -3.33544995e-05 -1.28823344e-03
  -8.12903419e-02 -8.16661585e-03  8.10367893e-03  2.69076065e-03
   3.71454074e-03  5.74510219e-03  9.71004600e-04  1.21598283e-03
  -4.19004029e-03  1.81505329e-03 -7.55689619e-03  1.43384445e-03
   4.05075774e-03  1.32369564e-03  6.62867799e-02 -5.39535563e-03
   3.04394145e-03 -6.35140622e-03  1.59769109e-03]
 [ 4.37666439e-02 -1.14369509e-03  1.15517736e-03  2.97756540e-03
  -3.25996755e-03  1.25159090e-03 -1.05164864e-03 -9.79069388e-04
  -6.30354732e-02  1.01984376e-02  2.69076065e-03  2.19688495e-03
   2.11830344e-03  2.29611201e-03 -7.73384760e-04 -1.96610810e-04
  -2.06733216e-03  1.81943667e-03 -2.65599787e-03  1.03347271e-03
   2.56312167e-04 -8.16591273e-05  1.69820227e-02 -6.79370537e-02
   1.58848625e-03 -1.43602362e-03 -1.56133506e-03]
 [ 5.52131049e-02 -1.21181982e-03 -1.53667470e-02  3.40192392e-03
  -4.77528805e-03  1.84502709e-03 -9.78286611e-04 -4.81329917e-05
  -8.29683095e-02 -3.08042020e-02  3.71454074e-03  2.11830344e-03
   2.68311985e-03  2.57582846e-03 -3.70770780e-04 -8.72938312e-04
  -2.33119517e-03  6.62065228e-04 -3.70049197e-03 -6.26862093e-05
   8.04084702e-04  4.83408425e-04  2.13987157e-02 -4.11440730e-02
   1.98654435e-03 -1.64082798e-03 -9.93219670e-04]
 [ 1.35782331e-01 -1.35073753e-03  2.76917424e-02  7.70819467e-03
  -7.84796663e-03  1.13890076e-03 -7.17533112e-05 -2.30997941e-03
  -6.52026385e-02  3.27578671e-02  5.74510219e-03  2.29611201e-03
   2.57582846e-03  5.39904507e-03 -3.93464667e-04  1.93715526e-03
  -2.81537441e-03  2.02622497e-03 -4.74869367e-03  2.76932656e-03
   2.38889828e-03  1.32130075e-03  5.41403703e-02 -3.30005120e-03
   2.02740426e-03 -4.47280752e-03  2.10407400e-03]
 [ 1.38816694e-02 -4.45612794e-04 -8.11367631e-02  7.96257576e-04
  -1.72914704e-03  1.07268780e-03  9.35709046e-04  1.05796545e-03
   2.59308852e-02  2.17728806e-03  9.71004600e-04 -7.73384760e-04
  -3.70770780e-04 -3.93464667e-04  1.84028014e-03 -5.88132571e-05
  -5.50938363e-04 -7.77302921e-05 -1.21360773e-03 -8.43883900e-04
   1.89073454e-03  4.41317716e-05  6.95343362e-03  3.93984690e-02
  -2.01870600e-04 -1.64108130e-03  6.93639275e-04]
 [ 1.11873887e-01 -1.62521354e-03  5.55837564e-02  3.82183609e-03
  -1.28943578e-03  1.49677508e-03  7.88951933e-04 -6.34454284e-03
   1.37698770e-01  1.24589829e-02  1.21598283e-03 -1.96610810e-04
  -8.72938312e-04  1.93715526e-03 -5.88132571e-05  7.40504870e-03
   1.58706459e-03  1.24900148e-03 -5.41653717e-04  4.49851854e-03
   1.33550691e-03 -7.97507586e-04  4.92551439e-02 -3.23019326e-02
   7.40449934e-04 -5.31173544e-03  3.66213266e-03]
 [-5.51972501e-02  1.16106949e-03  6.32352829e-02 -4.51334240e-03
   5.81054948e-03 -1.40789931e-03  3.60020495e-04 -8.63239693e-04
   8.98971409e-02 -4.16971408e-02 -4.19004029e-03 -2.06733216e-03
  -2.33119517e-03 -2.81537441e-03 -5.50938363e-04  1.58706459e-03
   3.55962920e-03 -2.33625784e-03  4.16265195e-03 -2.84404116e-04
  -1.95488706e-03 -5.00327267e-04 -2.12653484e-02  2.28496157e-02
  -1.37543236e-03  2.29710597e-03  1.28885603e-03]
 [ 4.33177128e-02 -1.25984591e-03 -2.60914620e-02  3.67374555e-03
  -2.28188443e-03  5.13608160e-04 -2.34826206e-04 -2.09522666e-03
  -8.22745450e-03  1.20627470e-01  1.81505329e-03  1.81943667e-03
   6.62065228e-04  2.02622497e-03 -7.77302921e-05  1.24900148e-03
  -2.33625784e-03  4.61198622e-03 -1.72138633e-03  3.08663282e-03
   1.02877640e-03 -9.41817358e-04  1.80057678e-02 -7.88201392e-02
   4.95966990e-04 -2.69662123e-03 -1.71380024e-03]
 [-1.40290707e-01  2.70293257e-03  8.57139304e-02 -7.96604529e-03
   1.02520492e-02 -4.05208673e-03  2.72994221e-04  7.33369379e-04
   7.77043700e-02  2.28798874e-02 -7.55689619e-03 -2.65599787e-03
  -3.70049197e-03 -4.74869367e-03 -1.21360773e-03 -5.41653717e-04
   4.16265195e-03 -1.72138633e-03  7.42092263e-03 -6.49519148e-04
  -3.77683295e-03 -8.24301969e-04 -5.73263168e-02  2.57429462e-02
  -3.07102292e-03  5.88404806e-03 -3.97667696e-04]
 [ 8.36229175e-02 -9.64227482e-04  6.19240887e-02  4.23443317e-03
  -1.69149204e-03 -6.43308085e-05  1.94376757e-04 -4.65259515e-03
   4.79846112e-02  8.52128491e-02  1.43384445e-03  1.03347271e-03
  -6.26862093e-05  2.76932656e-03 -8.43883900e-04  4.49851854e-03
  -2.84404116e-04  3.08663282e-03 -6.49519148e-04  4.55496507e-03
   7.17541028e-04 -4.40474774e-04  3.50632593e-02 -4.75155078e-02
   4.86741774e-04 -3.50006623e-03  1.55938708e-03]
 [ 9.04410034e-02 -1.26223476e-03 -7.47078881e-02  5.01555810e-03
  -5.97813772e-03  1.83853996e-03  1.08745997e-03 -3.22464941e-04
   4.65857284e-03  2.13913284e-02  4.05075774e-03  2.56312167e-04
   8.04084702e-04  2.38889828e-03  1.89073454e-03  1.33550691e-03
  -1.95488706e-03  1.02877640e-03 -3.77683295e-03  7.17541028e-04
   3.43321846e-03  6.76438620e-04  3.79240401e-02  4.20008861e-02
   8.09847028e-04 -4.41521360e-03  2.07544607e-03]
 [ 2.30418295e-02  5.94850979e-04  1.83144957e-02  1.48643286e-03
  -2.18413677e-03 -7.57801114e-04  3.80032026e-04  1.06399541e-03
  -4.20721024e-02 -6.88491017e-03  1.32369564e-03 -8.16591273e-05
   4.83408425e-04  1.32130075e-03  4.41317716e-05 -7.97507586e-04
  -5.00327267e-04 -9.41817358e-04 -8.24301969e-04 -4.40474774e-04
   6.76438620e-04  1.34712446e-03  7.88477529e-03  6.20006062e-02
   2.17476718e-05  6.46296612e-05  1.70951523e-03]
 [ 1.83349109e+00 -2.51143090e-02 -4.65106107e-02  8.96538720e-02
  -8.98419991e-02  3.05764079e-02  5.69926575e-03 -4.27008905e-02
   1.39050037e-01  3.00820190e-02  6.62867799e-02  1.69820227e-02
   2.13987157e-02  5.41403703e-02  6.95343362e-03  4.92551439e-02
  -2.12653484e-02  1.80057678e-02 -5.73263168e-02  3.50632593e-02
   3.79240401e-02  7.88477529e-03  7.62657046e-01 -5.51053099e-02
   2.49525383e-02 -7.47836828e-02  3.66861261e-02]
 [-4.66862097e-02  5.48552759e-02  2.92204209e-02 -1.03612721e-03
  -2.54121516e-02 -6.46585226e-02  5.52968010e-02  8.32826346e-02
  -4.93815122e-03 -3.11809853e-02 -5.39535563e-03 -6.79370537e-02
  -4.11440730e-02 -3.30005120e-03  3.93984690e-02 -3.23019326e-02
   2.28496157e-02 -7.88201392e-02  2.57429462e-02 -4.75155078e-02
   4.20008861e-02  6.20006062e-02 -5.51053099e-02  4.92717743e+00
  -4.75150943e-02  2.61769816e-02  1.21445902e-01]
 [ 6.06920160e-02 -1.45048485e-03 -1.09801004e-02  2.97410740e-03
  -3.76665010e-03  2.18908605e-03 -7.26545986e-04 -1.24367233e-03
  -3.22363637e-02 -3.90360840e-02  3.04394145e-03  1.58848625e-03
   1.98654435e-03  2.02740426e-03 -2.01870600e-04  7.40449934e-04
  -1.37543236e-03  4.95966990e-04 -3.07102292e-03  4.86741774e-04
   8.09847028e-04  2.17476718e-05  2.49525383e-02 -4.75150943e-02
   1.84635690e-03 -2.32186681e-03 -3.71812406e-04]
 [-1.75946876e-01  3.11852200e-03  6.12102188e-02 -8.62308312e-03
   8.60005431e-03 -3.99217289e-03 -8.33042432e-04  4.36325464e-03
  -5.08375876e-02 -2.08523627e-02 -6.35140622e-03 -1.43602362e-03
  -1.64082798e-03 -4.47280752e-03 -1.64108130e-03 -5.31173544e-03
   2.29710597e-03 -2.69662123e-03  5.88404806e-03 -3.50006623e-03
  -4.41521360e-03  6.46296612e-05 -7.47836828e-02  2.61769816e-02
  -2.32186681e-03  8.41994304e-03 -2.80528842e-03]
 [ 8.85527879e-02  4.64429206e-04  5.49563207e-02  3.38818855e-03
  -2.82655680e-03 -7.88677600e-04  1.82758120e-03 -1.76361541e-03
   5.99095523e-02 -8.42108205e-03  1.59769109e-03 -1.56133506e-03
  -9.93219670e-04  2.10407400e-03  6.93639275e-04  3.66213266e-03
   1.28885603e-03 -1.71380024e-03 -3.97667696e-04  1.55938708e-03
   2.07544607e-03  1.70951523e-03  3.66861261e-02  1.21445902e-01
  -3.71812406e-04 -2.80528842e-03  6.11220486e-03]]

S: 
[[-3.43034315e+00 -2.82229959e-01 -2.77753123e-01 -3.66453463e-01
   4.06803178e-02 -4.14419670e-02  3.83191769e-03  7.90506264e-02
   8.38080899e-02 -7.55136721e-02 -5.72133937e-02  4.88040089e-02
  -1.01711302e-01 -1.94428282e-01 -3.57312968e-02  5.46032836e-02
   1.94516014e-01  5.93777862e-02  1.92494356e-01 -6.69432682e-02
  -7.78606389e-02  5.60150264e-02 -1.89680167e+00 -3.10046190e-02
   5.37992846e-02  1.88095538e-02 -2.49516487e-01]
 [-2.82229959e-01  9.98261518e-01  4.45283276e-01  3.37852705e-01
   3.87008383e-01  9.48563848e-02  1.35963285e-01  1.90738547e-01
  -1.35528422e-01 -1.35162485e-01 -2.05804259e-01 -2.30732322e-01
   2.52241130e-01  2.81845526e-01  2.94344572e-01 -8.60491746e-02
  -5.16597672e-02 -3.42323027e-02 -9.24142099e-02  2.01327233e-02
   1.31931156e-01  1.54261630e-02  1.88751695e-01  3.30893294e-02
  -8.70049076e-02  1.78901694e-01  1.13812296e-01]
 [-2.77753123e-01  4.45283276e-01 -3.97933960e+00  3.83316352e-01
   4.16974701e-01  1.77884144e-01  1.56603696e-01  2.05102957e-01
  -1.88790689e-01 -1.56458090e-01 -1.55712211e-01 -2.87245212e-01
   4.03909002e-01  3.50113583e-01  3.33472397e-01 -1.39689881e-01
  -1.51539181e-01 -1.53825329e-02 -2.13954396e-01 -9.88562041e-02
   2.20675276e-01 -1.70204102e-02  2.69497497e-01  6.48780314e-03
  -3.85668723e-02  7.89217411e-02  1.41340845e-02]
 [-3.66453463e-01  3.37852705e-01  3.83316352e-01  9.87693190e-01
   3.20247664e-01  8.65603709e-02  2.31528092e-01  1.35879080e-01
  -9.77765117e-02 -3.04274658e-01 -1.20852816e-01 -1.90818419e-01
   1.86676583e-01  2.89995351e-01  1.59136226e-01 -1.02757993e-01
  -1.39272616e-01 -7.39607855e-02 -1.58345430e-01 -1.13130783e-02
   5.61153492e-02  3.68335559e-02 -1.75716533e-02 -3.75889653e-02
   1.77922559e-02  1.34797831e-01  1.40859141e-01]
 [ 4.06803178e-02  3.87008383e-01  4.16974701e-01  3.20247664e-01
   9.84493570e-01  1.24981666e-01  1.14265491e-01  1.33213391e-01
  -2.38386174e-01 -1.68897774e-01 -2.34717125e-01 -3.29346422e-01
   4.20894136e-01  4.77916883e-01  2.70831777e-01 -1.94445297e-01
  -1.93889408e-01 -1.33215460e-01 -2.12525488e-01 -7.44338989e-02
   1.70811414e-01  2.94236068e-03  3.26998270e-01  4.20576716e-02
  -4.47553230e-02  9.21090182e-02  1.31920098e-01]
 [-4.14419670e-02  9.48563848e-02  1.77884144e-01  8.65603709e-02
   1.24981666e-01  9.95850949e-01  4.28290261e-01  3.09164185e-01
  -3.52380571e-01 -1.85058062e-01 -2.77466225e-02 -9.33465430e-02
   1.14435704e-01  1.39209051e-01  2.45779843e-01 -6.89523729e-02
  -3.89063442e-02 -2.98419107e-02 -9.33854582e-02 -5.33002455e-02
   1.65454011e-01 -1.12947342e-01  1.60247056e-01  1.74105104e-01
  -1.19738221e-01  1.85822752e-02  8.01695165e-02]
 [ 3.83191769e-03  1.35963285e-01  1.56603696e-01  2.31528092e-01
   1.14265491e-01  4.28290261e-01  9.98954950e-01  3.55530692e-01
  -4.14047468e-01 -3.19595542e-01  1.74845478e-02 -5.90718871e-02
   1.52976198e-01  1.23304829e-01  2.45482844e-01 -2.14471060e-02
  -9.33039595e-03  3.71067744e-03 -4.53162627e-02  5.09522618e-02
   1.63715789e-01 -4.15928774e-02  1.84539482e-01  1.22216608e-03
  -5.41407281e-02  6.87596770e-02  1.96662543e-02]
 [ 7.90506264e-02  1.90738547e-01  2.05102957e-01  1.35879080e-01
   1.33213391e-01  3.09164185e-01  3.55530692e-01  9.93643217e-01
  -2.44381867e-01 -3.20476941e-01 -1.63499917e-03 -7.63013379e-02
   8.71746961e-02  9.44779180e-02  2.11167918e-01 -6.45187919e-02
  -5.96693046e-02 -6.43012840e-02 -1.11993966e-01 -7.52413833e-03
   8.86348968e-02 -2.96374267e-02  1.05512199e-01 -6.61848606e-02
  -4.46876012e-03  4.95463796e-02  6.96759775e-02]
 [ 8.38080899e-02 -1.35528422e-01 -1.88790689e-01 -9.77765117e-02
  -2.38386174e-01 -3.52380571e-01 -4.14047468e-01 -2.44381867e-01
  -3.91074610e+00  4.21829876e-01  1.75079964e-01  2.64219811e-01
   3.84518225e-03 -4.27904886e-02 -2.61842901e-01  8.22786285e-02
   7.30712949e-02  2.17753230e-01  1.84956346e-01  1.48596351e-01
  -9.10699263e-02  2.53359482e-01 -2.17167386e-01  5.49737031e-02
   2.30034187e-01 -3.17336077e-02 -2.08175438e-01]
 [-7.55136721e-02 -1.35162485e-01 -1.56458090e-01 -3.04274658e-01
  -1.68897774e-01 -1.85058062e-01 -3.19595542e-01 -3.20476941e-01
   4.21829876e-01 -4.07306528e+00  7.20933829e-02  2.52196618e-01
  -1.30008294e-01 -2.30885678e-01 -2.36085322e-01  1.98908811e-01
   2.90499064e-01  1.23988711e-01  3.20140907e-01  8.88102223e-02
  -1.03767547e-01  1.44383905e-01 -1.10025801e-01  1.70024037e-01
   9.44504445e-02 -7.25474770e-02 -7.81684167e-02]
 [-5.72133937e-02 -2.05804259e-01 -1.55712211e-01 -1.20852816e-01
  -2.34717125e-01 -2.77466225e-02  1.74845478e-02 -1.63499917e-03
   1.75079964e-01  7.20933829e-02  9.91896321e-01  4.64466418e-01
  -3.28972088e-01 -4.24304437e-01 -3.02674453e-01  1.59926818e-02
   1.91624114e-02  4.91126686e-02  2.37346810e-01  4.94374378e-02
  -1.04424021e-01  4.32962310e-02 -2.84146893e-01  8.32413826e-02
   9.78619331e-02 -1.19750400e-01 -2.68076152e-02]
 [ 4.88040089e-02 -2.30732322e-01 -2.87245212e-01 -1.90818419e-01
  -3.29346422e-01 -9.33465430e-02 -5.90718871e-02 -7.63013379e-02
   2.64219811e-01  2.52196618e-01  4.64466418e-01  9.97803115e-01
  -3.82091518e-01 -5.16417416e-01 -3.73080025e-01  1.66336408e-01
   1.95516921e-01  1.94957901e-01  3.47778614e-01  2.53343217e-01
  -1.59542230e-01  8.13209107e-02 -2.45738196e-01  2.42220966e-01
   7.75254315e-02 -5.21779399e-02 -1.03599883e-01]
 [-1.01711302e-01  2.52241130e-01  4.03909002e-01  1.86676583e-01
   4.20894136e-01  1.14435704e-01  1.52976198e-01  8.71746961e-02
   3.84518225e-03 -1.30008294e-01 -3.28972088e-01 -3.82091518e-01
   9.97316880e-01  4.16448961e-01  3.83548241e-01 -4.95743215e-02
  -6.46364445e-02 -2.13771360e-02 -1.41817543e-01 -7.43768938e-02
   3.25822965e-01 -6.72906810e-02  3.71937779e-01  9.32055153e-02
  -1.14021734e-01  4.68748822e-02 -2.33200493e-03]
 [-1.94428282e-01  2.81845526e-01  3.50113583e-01  2.89995351e-01
   4.77916883e-01  1.39209051e-01  1.23304829e-01  9.44779180e-02
  -4.27904886e-02 -2.30885678e-01 -4.24304437e-01 -5.16417416e-01
   4.16448961e-01  9.94600955e-01  3.16236401e-01 -1.37150106e-01
  -1.36419999e-01 -1.01963743e-01 -2.83339973e-01 -9.51610198e-02
   1.34191161e-01  5.56056258e-02  1.53148936e-01 -9.38066614e-02
   5.18535018e-02  7.96451108e-02 -1.67356206e-02]
 [-3.57312968e-02  2.94344572e-01  3.33472397e-01  1.59136226e-01
   2.70831777e-01  2.45779843e-01  2.45482844e-01  2.11167918e-01
  -2.61842901e-01 -2.36085322e-01 -3.02674453e-01 -3.73080025e-01
   3.83548241e-01  3.16236401e-01  9.98159720e-01  3.81062003e-02
   3.62472574e-02 -6.20172404e-02 -2.10475722e-01 -1.33476008e-01
   2.96097866e-01 -8.29130177e-02  2.85841968e-01 -4.43768503e-02
  -1.14583879e-01  7.04639276e-02  1.13998527e-01]
 [ 5.46032836e-02 -8.60491746e-02 -1.39689881e-01 -1.02757993e-01
  -1.94445297e-01 -6.89523729e-02 -2.14471060e-02 -6.45187919e-02
   8.22786285e-02  1.98908811e-01  1.59926818e-02  1.66336408e-01
  -4.95743215e-02 -1.37150106e-01  3.81062003e-02  9.92594951e-01
   7.05393891e-01  5.55176091e-01  3.98347502e-01  3.73627923e-01
  -5.18471855e-02  1.30874212e-01 -1.01116943e-01  1.11128964e-01
   1.09152912e-01  4.75368563e-02 -9.10078383e-02]
 [ 1.94516014e-01 -5.16597672e-02 -1.51539181e-01 -1.39272616e-01
  -1.93889408e-01 -3.89063442e-02 -9.33039595e-03 -5.96693046e-02
   7.30712949e-02  2.90499064e-01  1.91624114e-02  1.95516921e-01
  -6.46364445e-02 -1.36419999e-01  3.62472574e-02  7.05393891e-01
   9.96440371e-01  5.51439335e-01  3.87407725e-01  3.50897043e-01
  -4.61358627e-02  1.27465443e-01 -1.33776901e-02  1.07961663e-01
   4.12417938e-02  9.38539462e-02 -1.03143250e-01]
 [ 5.93777862e-02 -3.42323027e-02 -1.53825329e-02 -7.39607855e-02
  -1.33215460e-01 -2.98419107e-02  3.71067744e-03 -6.43012840e-02
   2.17753230e-01  1.23988711e-01  4.91126686e-02  1.94957901e-01
  -2.13771360e-02 -1.01963743e-01 -6.20172404e-02  5.55176091e-01
   5.51439335e-01  9.95388014e-01  5.21225705e-01  4.25332025e-01
  -3.53214128e-02  1.08162878e-01 -4.76543081e-02  2.55325089e-01
   5.95952845e-02  1.23468470e-01 -1.09151039e-01]
 [ 1.92494356e-01 -9.24142099e-02 -2.13954396e-01 -1.58345430e-01
  -2.12525488e-01 -9.33854582e-02 -4.53162627e-02 -1.11993966e-01
   1.84956346e-01  3.20140907e-01  2.37346810e-01  3.47778614e-01
  -1.41817543e-01 -2.83339973e-01 -2.10475722e-01  3.98347502e-01
   3.87407725e-01  5.21225705e-01  9.92579077e-01  3.98345665e-01
  -4.52337775e-02  8.36003568e-02 -6.57090862e-03  1.84472168e-01
   4.72769107e-02 -6.91592397e-03 -3.27538001e-02]
 [-6.69432682e-02  2.01327233e-02 -9.88562041e-02 -1.13130783e-02
  -7.44338989e-02 -5.33002455e-02  5.09522618e-02 -7.52413833e-03
   1.48596351e-01  8.88102223e-02  4.94374378e-02  2.53343217e-01
  -7.43768938e-02 -9.51610198e-02 -1.33476008e-01  3.73627923e-01
   3.50897043e-01  4.25332025e-01  3.98345665e-01  9.95445035e-01
  -1.16798140e-01  1.98938293e-01 -1.11083538e-01  1.61385629e-01
   1.34596543e-01  2.14117212e-01 -1.05891608e-01]
 [-7.78606389e-02  1.31931156e-01  2.20675276e-01  5.61153492e-02
   1.70811414e-01  1.65454011e-01  1.63715789e-01  8.86348968e-02
  -9.10699263e-02 -1.03767547e-01 -1.04424021e-01 -1.59542230e-01
   3.25822965e-01  1.34191161e-01  2.96097866e-01 -5.18471855e-02
  -4.61358627e-02 -3.53214128e-02 -4.52337775e-02 -1.16798140e-01
   9.96566782e-01 -2.14411264e-01  3.57411880e-01  1.36374930e-01
  -2.39801960e-01 -9.86906731e-02  4.66856193e-02]
 [ 5.60150264e-02  1.54261630e-02 -1.70204102e-02  3.68335559e-02
   2.94236068e-03 -1.12947342e-01 -4.15928774e-02 -2.96374267e-02
   2.53359482e-01  1.44383905e-01  4.32962310e-02  8.13209107e-02
  -6.72906810e-02  5.56056258e-02 -8.29130177e-02  1.30874212e-01
   1.27465443e-01  1.08162878e-01  8.36003568e-02  1.98938293e-01
  -2.14411264e-01  9.98652876e-01 -2.69442731e-01 -1.30320910e-01
   3.24848093e-01  2.68831466e-02 -4.42533785e-02]
 [-1.89680167e+00  1.88751695e-01  2.69497497e-01 -1.75716533e-02
   3.26998270e-01  1.60247056e-01  1.84539482e-01  1.05512199e-01
  -2.17167386e-01 -1.10025801e-01 -2.84146893e-01 -2.45738196e-01
   3.71937779e-01  1.53148936e-01  2.85841968e-01 -1.01116943e-01
  -1.33776901e-02 -4.76543081e-02 -6.57090862e-03 -1.11083538e-01
   3.57411880e-01 -2.69442731e-01  2.37342954e-01  2.49610082e-01
  -3.35592946e-01  3.96243094e-02  9.43112769e-04]
 [-3.10046190e-02  3.30893294e-02  6.48780314e-03 -3.75889653e-02
   4.20576716e-02  1.74105104e-01  1.22216608e-03 -6.61848606e-02
   5.49737031e-02  1.70024037e-01  8.32413826e-02  2.42220966e-01
   9.32055153e-02 -9.38066614e-02 -4.43768503e-02  1.11128964e-01
   1.07961663e-01  2.55325089e-01  1.84472168e-01  1.61385629e-01
   1.36374930e-01 -1.30320910e-01  2.49610082e-01 -3.92717743e+00
  -1.31536146e-01 -3.01306869e-02 -1.07704384e-01]
 [ 5.37992846e-02 -8.70049076e-02 -3.85668723e-02  1.77922559e-02
  -4.47553230e-02 -1.19738221e-01 -5.41407281e-02 -4.46876012e-03
   2.30034187e-01  9.44504445e-02  9.78619331e-02  7.75254315e-02
  -1.14021734e-01  5.18535018e-02 -1.14583879e-01  1.09152912e-01
   4.12417938e-02  5.95952845e-02  4.72769107e-02  1.34596543e-01
  -2.39801960e-01  3.24848093e-01 -3.35592946e-01 -1.31536146e-01
   9.98153643e-01  2.47817294e-02 -9.94602748e-02]
 [ 1.88095538e-02  1.78901694e-01  7.89217411e-02  1.34797831e-01
   9.21090182e-02  1.85822752e-02  6.87596770e-02  4.95463796e-02
  -3.17336077e-02 -7.25474770e-02 -1.19750400e-01 -5.21779399e-02
   4.68748822e-02  7.96451108e-02  7.04639276e-02  4.75368563e-02
   9.38539462e-02  1.23468470e-01 -6.91592397e-03  2.14117212e-01
  -9.86906731e-02  2.68831466e-02  3.96243094e-02 -3.01306869e-02
   2.47817294e-02  9.91580057e-01  5.05087582e-02]
 [-2.49516487e-01  1.13812296e-01  1.41340845e-02  1.40859141e-01
   1.31920098e-01  8.01695165e-02  1.96662543e-02  6.96759775e-02
  -2.08175438e-01 -7.81684167e-02 -2.68076152e-02 -1.03599883e-01
  -2.33200493e-03 -1.67356206e-02  1.13998527e-01 -9.10078383e-02
  -1.03143250e-01 -1.09151039e-01 -3.27538001e-02 -1.05891608e-01
   4.66856193e-02 -4.42533785e-02  9.43112769e-04 -1.07704384e-01
  -9.94602748e-02  5.05087582e-02  9.93887795e-01]]

------------

pcp: 

L: 
[[ 0.26122553 -0.22780127 -0.17066374 -0.14741871 -0.18348478  0.00921185
   0.01559572 -0.02256826  0.12148323  0.05040313  0.09961001  0.092861
  -0.04739067 -0.0648705  -0.02491752  0.14611571  0.10311419  0.0910259
   0.06122151  0.04315544 -0.00749288  0.07097082 -0.06715583 -0.06201203
   0.11994366 -0.13027038 -0.12592435]
 [-0.23112722  0.39111874  0.35614145  0.2742135   0.37222596  0.0932118
   0.13466004  0.14174373 -0.15133108 -0.12383556 -0.21699208 -0.23450932
   0.25479303  0.27693617  0.24458961 -0.08570892 -0.04690068 -0.032569
  -0.09098378  0.02176101  0.1149221   0.00930873  0.18178196  0.07214834
  -0.07637831  0.18163129  0.11629829]
 [-0.17640796  0.36061119  0.38388896  0.2894621   0.40054277  0.09528801
   0.14969206  0.12640842 -0.12187461 -0.15829827 -0.2326057  -0.28509617
   0.35611455  0.35579325  0.25228024 -0.08539855 -0.08525815 -0.03989484
  -0.13008198  0.00288349  0.14665532 -0.00201028  0.22009819  0.03676565
  -0.04594508  0.1388543   0.07317722]
 [-0.15341258  0.28271371  0.28813681  0.2695914   0.30593477  0.09061897
   0.16215646  0.15384306 -0.1583047  -0.20628196 -0.11738571 -0.18714188
   0.18940849  0.25560432  0.15727699 -0.1136336  -0.12335254 -0.07956115
  -0.14579813 -0.00455504  0.03712164  0.03011913  0.06686553 -0.03164311
   0.01790357  0.12918606  0.07977811]
 [-0.17803116  0.37608078  0.4022551   0.30444143  0.45573307  0.094627
   0.12409496  0.13271985 -0.12453731 -0.16698737 -0.24684919 -0.33221395
   0.37659633  0.40315293  0.26930474 -0.16512537 -0.17981861 -0.13591516
  -0.20080631 -0.07705588  0.16888543  0.00807636  0.24051422  0.016373
  -0.04420161  0.09816694  0.07903985]
 [ 0.01001823  0.09496607  0.09639641  0.08994103  0.0890739   0.26696187
   0.29348534  0.22909559 -0.2511594  -0.249354   -0.02396635 -0.09393998
   0.13180099  0.08691394  0.24072146 -0.06991811 -0.04138514 -0.04553129
  -0.09504309 -0.05506489  0.18066963 -0.11156811  0.16794082  0.06141551
  -0.11795535  0.01640494  0.05644207]
 [ 0.01501087  0.1390043   0.14492991  0.15765999  0.12615198  0.29823556
   0.37572861  0.29568833 -0.24459149 -0.28348037  0.01102024 -0.05786057
   0.15235815  0.12059791  0.24557123 -0.02099812 -0.00776914  0.00101585
  -0.05215643  0.05676972  0.15611605 -0.04590526  0.14887744  0.05884846
  -0.05424908  0.07030947  0.02321851]
 [-0.01107187  0.14233774  0.12948286  0.15705055  0.13380763  0.22999919
   0.29163464  0.25515062 -0.22928329 -0.26232925  0.00807692 -0.07781398
   0.08998763  0.1087072   0.20241008 -0.06927342 -0.06966053 -0.06890948
  -0.10754165 -0.01726682  0.09828788 -0.019727    0.06958     0.00307259
  -0.01719855  0.04548749  0.0647492 ]
 [ 0.12779719 -0.1483076  -0.115818   -0.15564044 -0.12208663 -0.24308866
  -0.24587907 -0.23396151  0.40563761  0.36664011  0.09276444  0.2022219
  -0.07783846 -0.10455746 -0.23716826  0.21870282  0.18698816  0.20644335
   0.26289686  0.19333802 -0.08582349  0.18048139 -0.09075317  0.0518186
   0.15646398 -0.08663304 -0.15156385]
 [ 0.0535396  -0.12208281 -0.15424299 -0.20550462 -0.17063721 -0.24871711
  -0.28100703 -0.26126895  0.36134066  0.41359922  0.05896719  0.23031052
  -0.14946907 -0.19825941 -0.23366991  0.21159774  0.25248769  0.23747045
   0.29885702  0.17808392 -0.08527223  0.11449665 -0.07806734  0.12402086
   0.06006875 -0.05533895 -0.08096011]
 [ 0.10438645 -0.20559276 -0.22531108 -0.11958224 -0.24093834 -0.01925447
   0.01710252 -0.00101979  0.09148265  0.06809368  0.37205097  0.37207875
  -0.32133487 -0.30897847 -0.30065193  0.03114033  0.01641538  0.05049008
   0.17918181  0.08553943 -0.10393253  0.04525062 -0.20979401  0.06623132
   0.08545939 -0.12737411 -0.02731104]
 [ 0.09024268 -0.23472667 -0.28424808 -0.19116599 -0.33466006 -0.09101074
  -0.06511128 -0.07729676  0.1969931   0.2292477   0.36701807  0.47414254
  -0.38246125 -0.40054842 -0.36578133  0.16517078  0.19269541  0.19944324
   0.34771234  0.24667638 -0.16282301  0.08339504 -0.22599921  0.12938632
   0.07628571 -0.04966519 -0.08229065]
 [-0.04755211  0.25293767  0.35228361  0.18581357  0.37503785  0.13682738
   0.15369121  0.08741118 -0.08039097 -0.14856056 -0.32721939 -0.37793394
   0.50484619  0.41942287  0.37695248 -0.05305005 -0.06649415 -0.02229959
  -0.15383494 -0.07016609  0.2995354  -0.07051092  0.39286688  0.05396443
  -0.11336198  0.04556032 -0.00585934]
 [-0.05279909  0.2823115   0.35946591  0.26204807  0.4067675   0.08717779
   0.1212244   0.10515461 -0.1005726  -0.19492288 -0.30518516 -0.399509
   0.42151031  0.47043942  0.31592187 -0.11088988 -0.14305246 -0.10439735
  -0.25983759 -0.09358914  0.13876673  0.03853621  0.2059622  -0.09508431
   0.03340225  0.06794719  0.01444832]
 [-0.0218354   0.24849515  0.25339469  0.16245267  0.26862061  0.23930381
   0.24428427  0.20418163 -0.23630002 -0.23585615 -0.294274   -0.36352717
   0.37456324  0.31452178  0.46054709 -0.02932163 -0.01615894 -0.05917917
  -0.20866705 -0.10666868  0.25557379 -0.08303489  0.29238749 -0.00385075
  -0.11428749  0.06674202  0.07465627]
 [ 0.14337236 -0.0824418  -0.08901792 -0.11972289 -0.15875437 -0.06451378
  -0.0192518  -0.06615145  0.21888391  0.22005721  0.02966258  0.16767251
  -0.05135896 -0.10507837 -0.02831596  0.33143878  0.36692537  0.33457008
   0.29376852  0.29665022 -0.0502799   0.13595505 -0.05153699  0.07919005
   0.10460442  0.04052792 -0.1087361 ]
 [ 0.10783509 -0.05200843 -0.08903616 -0.1277421  -0.17808654 -0.04332622
  -0.00689101 -0.05956486  0.19274724  0.24954571  0.01730783  0.19336739
  -0.06732911 -0.13751355 -0.01529652  0.3643677   0.44325272  0.39428539
   0.34746841  0.35135036 -0.04649548  0.11991851 -0.03244564  0.13174685
   0.05498287  0.09470848 -0.09832449]
 [ 0.08830007 -0.03538246 -0.03949884 -0.08289021 -0.13265373 -0.04830561
   0.0033959  -0.06676419  0.20651943  0.23321507  0.04932429  0.1976862
  -0.02009367 -0.10057522 -0.06312533  0.33572922  0.39417043  0.38727382
   0.35095511  0.36210761 -0.03341483  0.10732431 -0.01270961  0.14823223
   0.05745512  0.08750718 -0.11015967]
 [ 0.06669669 -0.09118184 -0.12663458 -0.14384349 -0.20259969 -0.09739748
  -0.05107431 -0.11132952  0.26175268  0.29728191  0.19000219  0.34462252
  -0.15321786 -0.25837242 -0.21228857  0.29928994  0.3461779   0.35489614
   0.40710583  0.32820633 -0.04129712  0.08653943 -0.06546412  0.20964339
   0.04363069  0.000833   -0.07429774]
 [ 0.03469814  0.02127807 -0.00310534 -0.00443255 -0.08031663 -0.05921096
   0.04977231 -0.0127006   0.19330968  0.17361669  0.08444204  0.24754053
  -0.07625597 -0.09184299 -0.10648412  0.29556225  0.35160853  0.36271289
   0.33954376  0.41575423 -0.11889704  0.17553479 -0.09071688  0.11657585
   0.13485281  0.13987964 -0.10045854]
 [-0.01649542  0.12149637  0.15055369  0.03536178  0.16389865  0.18201163
   0.15772946  0.08693382 -0.10057183 -0.0875894  -0.11393554 -0.15987306
   0.29941884  0.12759834  0.24927882 -0.04872841 -0.04231541 -0.027832
  -0.05093009 -0.11279746  0.34089303 -0.17432539  0.35722814  0.1733653
  -0.21397926 -0.07239103  0.04951507]
 [ 0.07081462  0.01425184  0.00333175  0.03287245  0.00084231 -0.10856295
  -0.05099321 -0.02841853  0.16506802  0.10964665  0.0379569   0.07959622
  -0.07063317  0.02985725 -0.08639609  0.12976606  0.11950976  0.11631825
   0.08706177  0.17192446 -0.16700192  0.22112293 -0.18331569 -0.07378446
   0.22843953  0.03386187 -0.05950063]
 [-0.06228907  0.17703645  0.22277006  0.07093564  0.23750669  0.16746187
   0.14280425  0.06799386 -0.09069037 -0.08103203 -0.20222117 -0.22769826
   0.39194387  0.20794525  0.29306944 -0.05148764 -0.04017994 -0.01576916
  -0.05986074 -0.09437616  0.36609891 -0.17941696  0.42834144  0.18223064
  -0.23994033 -0.02360001  0.03207093]
 [-0.05700889  0.07480351  0.04008147 -0.03300496  0.0156099   0.0608233
   0.05722268  0.00381168  0.05315712  0.1258897   0.06515205  0.13167147
   0.05403849 -0.09793267 -0.00439605  0.07720839  0.12960634  0.14563822
   0.210703    0.11687738  0.18127822 -0.07023391  0.18869618  0.27265661
  -0.15646592 -0.00997106  0.01688234]
 [ 0.11504148 -0.07639477 -0.04400198  0.01905334 -0.04771142 -0.11404625
  -0.05586832 -0.02243592  0.14977318  0.05391621  0.07691039  0.07736593
  -0.11241865  0.02383038 -0.11627572  0.10519897  0.05066068  0.05889938
   0.04490498  0.13947834 -0.21252175  0.22748883 -0.2390703  -0.15776745
   0.26430716  0.02264113 -0.101693  ]
 [-0.13077721  0.17730082  0.13162208  0.13158857  0.09999355  0.00783104
   0.06852649  0.0539013  -0.07774506 -0.05940194 -0.11355043 -0.05486212
   0.04494897  0.08134654  0.06804044  0.04319202  0.09766056  0.08997667
   0.01003903  0.12857766 -0.07822837  0.03281425 -0.02348137 -0.00841891
   0.0188517   0.18558985  0.04985572]
 [-0.12671607  0.11464462  0.07023176  0.07244613  0.08225013  0.05559446
   0.02988773  0.06771596 -0.14645747 -0.08213556 -0.02919886 -0.0788772
  -0.00065309  0.0096181   0.06997854 -0.10453509 -0.09847835 -0.11474032
  -0.08417787 -0.09981131  0.044745   -0.06672232  0.03498164  0.01571944
  -0.09860865  0.04435488  0.10627575]]

S: 
[[ 7.38774473e-01 -1.12391979e-01 -9.45833116e-02 -0.00000000e+00
   0.00000000e+00  1.85909852e-02 -0.00000000e+00  0.00000000e+00
   8.18632786e-03 -0.00000000e+00  5.69902867e-03  0.00000000e+00
   0.00000000e+00  0.00000000e+00  0.00000000e+00  2.03614632e-02
   3.62045690e-02  1.16696002e-02 -9.01786366e-03 -2.64757917e-02
   2.00732436e-02  0.00000000e+00 -0.00000000e+00 -1.56787993e-02
  -0.00000000e+00 -2.68669392e-02 -3.50393537e-02]
 [-1.09066026e-01  6.08881264e-01  1.28956593e-01  6.08737034e-02
   1.78576276e-02 -6.38658916e-04  0.00000000e+00  5.07422923e-02
   0.00000000e+00  0.00000000e+00 -0.00000000e+00 -0.00000000e+00
  -3.76372366e-03  0.00000000e+00  4.93093484e-02 -1.96546948e-03
   0.00000000e+00 -0.00000000e+00 -0.00000000e+00 -0.00000000e+00
   1.57468183e-02  3.68525135e-03 -1.81445776e-02  1.57962690e-02
  -1.20770797e-02  3.88926482e-04 -0.00000000e+00]
 [-8.88390930e-02  1.24486844e-01  6.16111038e-01  7.09662004e-02
   1.03598376e-01  0.00000000e+00 -8.21154882e-03  5.13076679e-03
   0.00000000e+00 -0.00000000e+00  1.96374099e-02 -0.00000000e+00
   3.24277094e-02  2.20120724e-02 -0.00000000e+00  1.29242155e-03
   0.00000000e+00  0.00000000e+00  0.00000000e+00 -3.98156097e-02
  -0.00000000e+00 -0.00000000e+00  0.00000000e+00  0.00000000e+00
   0.00000000e+00  0.00000000e+00 -0.00000000e+00]
 [-0.00000000e+00  5.23734963e-02  7.22914844e-02  7.30408600e-01
   0.00000000e+00 -0.00000000e+00  6.99229742e-02 -2.16218089e-02
  -0.00000000e+00 -3.59230883e-02  0.00000000e+00  0.00000000e+00
  -0.00000000e+00  4.20992256e-02 -0.00000000e+00  1.46974384e-02
  -2.04334163e-02  9.27411313e-03 -2.05133495e-02  0.00000000e+00
   2.40092632e-02  0.00000000e+00  0.00000000e+00 -6.98198043e-03
  -0.00000000e+00  0.00000000e+00  6.44692204e-02]
 [ 0.00000000e+00  1.40028050e-02  1.01886042e-01  0.00000000e+00
   5.44266933e-01  2.60496304e-02 -1.02155557e-02  1.54755048e-03
   0.00000000e+00  0.00000000e+00 -0.00000000e+00  0.00000000e+00
   3.95225179e-02  6.69159900e-02  0.00000000e+00 -3.06093635e-02
  -8.26024364e-03 -0.00000000e+00  0.00000000e+00  9.30485608e-04
  -0.00000000e+00  0.00000000e+00  0.00000000e+00  0.00000000e+00
   0.00000000e+00  0.00000000e+00  5.00536869e-02]
 [ 1.77846054e-02 -2.59174467e-03  0.00000000e+00 -4.67248713e-04
   3.16027353e-02  7.33038131e-01  1.34337746e-01  7.86358245e-02
  -8.90057693e-02 -0.00000000e+00  0.00000000e+00  0.00000000e+00
  -1.55202612e-02  5.34340116e-02  6.13106762e-03 -0.00000000e+00
   0.00000000e+00  1.62029840e-02 -0.00000000e+00  0.00000000e+00
  -1.33770834e-02 -0.00000000e+00  2.28826443e-02  4.80310720e-02
  -0.00000000e+00 -0.00000000e+00  2.29387647e-02]
 [-0.00000000e+00  0.00000000e+00 -3.44939997e-03  7.44194367e-02
  -1.22725792e-02  1.29587521e-01  6.24271390e-01  6.00137610e-02
  -1.34763431e-01 -1.42612410e-02  0.00000000e+00  0.00000000e+00
   0.00000000e+00  0.00000000e+00  0.00000000e+00 -0.00000000e+00
   0.00000000e+00 -0.00000000e+00  7.11315977e-03  0.00000000e+00
   8.68720368e-03  0.00000000e+00  4.13613060e-02 -0.00000000e+00
   0.00000000e+00  0.00000000e+00 -0.00000000e+00]
 [ 0.00000000e+00  5.01482805e-02  2.05632309e-03 -2.48292936e-02
   4.59775186e-04  7.77322237e-02  6.40674543e-02  7.44849378e-01
  -1.07437811e-01 -7.77835974e-02 -0.00000000e+00  0.00000000e+00
  -0.00000000e+00 -1.65392639e-02  9.81580662e-03  0.00000000e+00
  -0.00000000e+00 -0.00000000e+00  0.00000000e+00  0.00000000e+00
  -0.00000000e+00 -0.00000000e+00 -6.76869028e-03  1.40251879e-02
   1.14861224e-02 -0.00000000e+00 -0.00000000e+00]
 [ 1.87237066e-03  0.00000000e+00  0.00000000e+00 -0.00000000e+00
   0.00000000e+00 -9.70765093e-02 -1.33475851e-01 -1.02759589e-01
   5.94362386e-01  1.09730701e-01  0.00000000e+00  0.00000000e+00
   0.00000000e+00 -3.43566437e-03 -0.00000000e+00  1.27457454e-03
  -2.40197275e-02 -0.00000000e+00 -0.00000000e+00  3.24294380e-03
   0.00000000e+00  3.08059916e-02  1.26358169e-02 -0.00000000e+00
   4.13338408e-02 -0.00000000e+00 -0.00000000e+00]
 [-0.00000000e+00  0.00000000e+00 -0.00000000e+00 -3.67004324e-02
   0.00000000e+00 -0.00000000e+00 -1.67345772e-02 -7.88439023e-02
   1.15030149e-01  5.86400775e-01 -0.00000000e+00  3.20845340e-02
  -1.13434238e-02  0.00000000e+00  0.00000000e+00 -0.00000000e+00
   0.00000000e+00  7.14573241e-03  4.41637752e-02 -4.06085166e-03
  -0.00000000e+00  2.30023403e-02  0.00000000e+00  1.48221886e-02
   0.00000000e+00 -3.80608854e-02  0.00000000e+00]
 [ 0.00000000e+00 -0.00000000e+00  1.23427902e-02  0.00000000e+00
  -0.00000000e+00  0.00000000e+00  0.00000000e+00 -0.00000000e+00
   0.00000000e+00 -0.00000000e+00  6.27949035e-01  9.50784277e-02
  -0.00000000e+00 -1.09580868e-01 -1.05152308e-03 -1.39316675e-02
  -0.00000000e+00  0.00000000e+00  5.06081013e-02 -3.46681478e-02
   0.00000000e+00  0.00000000e+00 -8.06610633e-03  1.16147031e-02
   1.54464796e-02 -0.00000000e+00  0.00000000e+00]
 [ 0.00000000e+00 -0.00000000e+00 -0.00000000e+00  0.00000000e+00
   0.00000000e+00  0.00000000e+00  0.00000000e+00  0.00000000e+00
   0.00000000e+00  3.31473589e-02  1.00139109e-01  5.25857464e-01
  -0.00000000e+00 -1.13572885e-01 -8.07207521e-03 -0.00000000e+00
   0.00000000e+00 -1.62254663e-03  0.00000000e+00  7.70031046e-03
   0.00000000e+00 -0.00000000e+00  0.00000000e+00  4.48975949e-02
  -0.00000000e+00  0.00000000e+00 -2.28705636e-02]
 [ 0.00000000e+00 -1.90835968e-03  3.62586486e-02 -0.00000000e+00
   4.10810002e-02 -2.05466481e-02  0.00000000e+00 -0.00000000e+00
   0.00000000e+00 -1.22519346e-02 -0.00000000e+00 -0.00000000e+00
   4.95153808e-01  0.00000000e+00  6.22499271e-03 -0.00000000e+00
  -0.00000000e+00  0.00000000e+00  8.31690655e-03 -0.00000000e+00
   2.70916490e-02  0.00000000e+00  0.00000000e+00  0.00000000e+00
   0.00000000e+00  0.00000000e+00 -0.00000000e+00]
 [ 0.00000000e+00  0.00000000e+00  1.83394137e-02  3.56554728e-02
   6.33014165e-02  5.31701592e-02  0.00000000e+00 -1.29866703e-02
  -7.42052981e-03  0.00000000e+00 -1.13374177e-01 -1.14612303e-01
   0.00000000e+00  5.29560581e-01 -0.00000000e+00 -2.43230755e-02
   0.00000000e+00  4.45982857e-03 -2.82510778e-02 -0.00000000e+00
   0.00000000e+00  1.83907201e-02 -0.00000000e+00 -0.00000000e+00
   2.04786569e-02 -0.00000000e+00 -2.90798680e-02]
 [ 0.00000000e+00  4.54038105e-02 -0.00000000e+00 -0.00000000e+00
   0.00000000e+00  7.54871867e-03  0.00000000e+00  8.04425576e-03
  -0.00000000e+00  0.00000000e+00 -7.42944385e-03 -1.03262383e-02
   8.61422616e-03 -0.00000000e+00  5.39452914e-01  6.73690166e-02
   5.18552639e-02 -0.00000000e+00 -0.00000000e+00 -2.76512167e-02
   4.24148138e-02  0.00000000e+00  0.00000000e+00 -0.00000000e+00
   0.00000000e+00  0.00000000e+00  4.00358931e-02]
