DENISE trained 300 epochs with 80000 5x5 rank 2 matrices.
DENISE: 

L: 
 [[ 1.2865811e-02  4.3524596e-01  6.2608304e-03 -2.6556593e-01
  -1.0165248e+00]
 [ 4.3524596e-01  3.6158897e+01  8.6721003e-02 -3.2879436e+00
   2.0253731e+01]
 [ 6.2608304e-03  8.6721003e-02  3.7765799e-03 -1.6247013e-01
  -8.1352925e-01]
 [-2.6556593e-01 -3.2879436e+00 -1.6247013e-01  6.9952765e+00
   3.5503002e+01]
 [-1.0165248e+00  2.0253731e+01 -8.1352925e-01  3.5503002e+01
   2.1961275e+02]]

S: 
[[ 1.42657549e+02  2.76281433e+01  3.05552186e+01  2.79043714e+00
   3.22021075e+01]
 [ 2.76281433e+01 -2.16121781e+01 -1.08408124e+01  3.10938030e-01
  -1.80190477e-01]
 [ 3.05552186e+01 -1.08408124e+01  6.58407423e+01  1.14632268e+01
  -2.72275280e+01]
 [ 2.79043714e+00  3.10938030e-01  1.14632268e+01  3.38970767e+00
  -4.13431791e+01]
 [ 3.22021075e+01 -1.80190477e-01 -2.72275280e+01 -4.13431791e+01
  -1.86221829e+02]]

------------

pcp: 

L: 
[[ 33.15288862  19.03429426  -2.38353047   2.5249416   24.04138395]
 [ 19.03429426  14.54671744 -10.7540876   -2.97707117  20.07354269]
 [ -2.38353047 -10.7540876   24.51612531  11.30069593 -17.99311351]
 [  2.5249416   -2.97707117  11.30069593   5.60790277  -5.84023382]
 [ 24.04138395  20.07354269 -17.99311351  -5.84023382  28.30038404]]

S: 
[[109.51752654   9.029095    32.94500994   0.           7.14419873]
 [  9.029095     0.          -0.          -0.          -0.        ]
 [ 32.94500994  -0.          41.32839353   0.         -10.04794373]
 [  0.          -0.           0.           4.77708135   0.        ]
 [  7.14419873  -0.         -10.04794373   0.           5.09053401]]

------------

M: 
[[142.67041515  28.06338926  30.56147946   2.52487121  31.18558268]
 [ 28.06338926  14.54671933 -10.75409144  -2.97700557  20.0735403 ]
 [ 30.56147946 -10.75409144  65.84451884  11.30075662 -28.04105723]
 [  2.52487121  -2.97700557  11.30075662  10.38498412  -5.84017695]
 [ 31.18558268  20.0735403  -28.04105723  -5.84017695  33.39091805]]