DENISE trained 300 epochs with 80000 25x25 rank 5 matrices.
DENISE: 

L: 
 [[ 7.93442014e-04 -7.30172498e-04 -2.56089610e-03 -1.48635618e-02
   2.72616302e-03 -3.43923573e-04 -4.33136858e-02 -2.63446360e-04
   4.21636272e-03  1.38881995e-04  4.23566788e-04  1.38198282e-03
  -1.14183649e-02 -1.35551870e-03 -1.43295468e-03 -3.96235799e-03
   8.10216588e-04 -6.38136524e-04  1.23374653e-03 -2.46681477e-04
   9.53332055e-04 -1.32878276e-03  1.09334686e-03 -3.14383507e-02
  -1.05475006e-03]
 [-7.30172498e-04  6.25169184e-03  1.32572939e-04  1.44609809e-01
  -1.49626890e-03  4.02718876e-03  2.48556817e-03  6.08599233e-03
   2.23031384e-03 -2.34550238e-03 -2.14658165e-03 -4.97885812e-05
   1.16709499e-02  5.16534143e-04  2.14413553e-03 -6.89323917e-02
   1.39619736e-03 -2.05608271e-03  1.38548156e-03 -5.32781647e-04
  -1.25914114e-04 -2.31081597e-03 -1.82166917e-03  3.83394174e-02
   3.49029840e-04]
 [-2.56089610e-03  1.32572939e-04  1.35293882e-02 -2.50071622e-02
  -1.15414737e-02 -1.86613970e-03  2.07284898e-01 -3.54303303e-03
  -1.92423891e-02 -5.77889441e-04 -2.33984785e-04 -3.32599110e-03
  -4.71382961e-02  7.05468142e-03  3.39785987e-03 -4.59421389e-02
  -4.41395584e-03  3.26904701e-03 -8.07902217e-03  1.59637898e-03
  -5.59360161e-03  6.17762608e-03 -4.28684289e-03  4.96223681e-02
   4.06976510e-03]
 [-1.48635618e-02  1.44609809e-01 -2.50071622e-02  4.29388714e+00
  -6.55159876e-02  9.40158218e-02  2.02755127e-02  1.71911240e-01
   2.41446905e-02 -2.92365421e-02 -8.75190869e-02  3.54203060e-02
   1.32845696e-02 -2.57521402e-02  5.60913943e-02  3.57369222e-02
   1.51422173e-02 -6.22668751e-02  2.17354093e-02 -3.06256488e-02
   8.79223645e-03 -7.20647275e-02 -1.23753175e-02 -5.64217567e-02
  -4.85609006e-03]
 [ 2.72616302e-03 -1.49626890e-03 -1.15414737e-02 -6.55159876e-02
   1.46092596e-02  1.06772059e-03 -2.16461480e-01 -1.63038509e-04
   2.23820042e-02 -9.88335814e-04  3.26341158e-03  2.05351249e-03
  -7.50253350e-03 -5.01718372e-03 -5.48396865e-03 -3.78041454e-02
   4.70279250e-03 -1.48388359e-03  8.45669210e-03 -7.70755869e-05
   5.64247603e-03 -4.22077114e-03  2.92285183e-03  2.46814247e-02
  -2.52688932e-03]
 [-3.43923573e-04  4.02718876e-03 -1.86613970e-03  9.40158218e-02
   1.06772059e-03  3.34434584e-03 -3.22183743e-02  4.44424944e-03
   4.53624083e-03 -1.51843904e-03 -1.11587427e-03 -5.28322009e-04
   1.83515307e-02 -6.53041818e-04  1.07111281e-03 -2.00227778e-02
   1.41907984e-03 -1.19182619e-03  2.60033109e-03 -3.26789013e-04
   1.25875219e-03 -1.61275035e-03 -8.07843346e-04  6.22737035e-02
   3.68452427e-04]
 [-4.33136858e-02  2.48556817e-03  2.07284898e-01  2.02755127e-02
  -2.16461480e-01 -3.22183743e-02  3.56638336e+00 -3.80443186e-02
  -3.57612580e-01  8.97662994e-03 -2.39548460e-02 -5.24423420e-02
   6.62438422e-02  1.02461912e-01  7.63524994e-02 -6.75962418e-02
  -7.39554912e-02  4.13238108e-02 -1.38783157e-01  1.43700419e-02
  -9.78770331e-02  8.94286484e-02 -5.88210709e-02  5.43293320e-02
   4.99181598e-02]
 [-2.63446360e-04  6.08599233e-03 -3.54303303e-03  1.71911240e-01
  -1.63038509e-04  4.44424944e-03 -3.80443186e-02  7.72405649e-03
   4.69554309e-03 -1.29347481e-03 -3.11074196e-03  9.31837887e-04
   4.29158621e-02 -1.90567016e-03  2.12921295e-03 -7.76788220e-03
   1.94772938e-03 -3.06412554e-03  2.88831303e-03 -1.38521823e-03
   1.22210523e-03 -3.91490199e-03 -1.88673686e-04  5.84065448e-03
  -9.48138477e-04]
 [ 4.21636272e-03  2.23031384e-03 -1.92423891e-02  2.41446905e-02
   2.23820042e-02  4.53624083e-03 -3.57612580e-01  4.69554309e-03
   3.87170576e-02 -3.09846224e-03  2.86551192e-03  5.45430090e-03
  -5.55820502e-02 -8.80373828e-03 -8.13105050e-03 -8.86637270e-02
   8.15061759e-03 -4.45414707e-03  1.43009089e-02 -9.33897041e-04
   9.50447191e-03 -9.40879341e-03  4.30908287e-03  3.21691073e-02
  -4.15501511e-03]
 [ 1.38881995e-04 -2.34550238e-03 -5.77889441e-04 -2.92365421e-02
  -9.88335814e-04 -1.51843904e-03  8.97662994e-03 -1.29347481e-03
  -3.09846224e-03  1.81667891e-03 -3.16113699e-04  2.31956219e-04
   2.31230818e-02 -9.33547562e-04  1.39330412e-04  7.23776445e-02
  -9.12464689e-04  3.62613238e-04 -9.56494536e-04 -3.51135823e-04
  -6.98732038e-05  5.33217331e-04  1.29383756e-03 -4.27062698e-02
  -6.47520181e-04]
 [ 4.23566788e-04 -2.14658165e-03 -2.33984785e-04 -8.75190869e-02
   3.26341158e-03 -1.11587427e-03 -2.39548460e-02 -3.11074196e-03
   2.86551192e-03 -3.16113699e-04  2.44392687e-03 -1.14274106e-03
  -5.59067412e-04  6.46473782e-04 -1.57574844e-03 -3.77529114e-02
   6.12290227e-04  1.15375174e-03  9.11915384e-04  8.79530038e-04
   3.63227242e-04  1.09855435e-03 -2.10147497e-04  3.31510305e-02
   2.66420917e-04]
 [ 1.38198282e-03 -4.97885812e-05 -3.32599110e-03  3.54203060e-02
   2.05351249e-03 -5.28322009e-04 -5.24423420e-02  9.31837887e-04
   5.45430090e-03  2.31956219e-04 -1.14274106e-03  5.30307507e-03
  -9.67494249e-02 -2.80865165e-03 -2.66362424e-03  9.31766722e-03
   2.30939244e-04 -1.98144186e-03  3.06993927e-04 -1.03400776e-03
   1.24687597e-03 -3.28892423e-03  2.38889433e-03 -1.09183744e-01
  -1.88561040e-03]
 [-1.14183649e-02  1.16709499e-02 -4.71382961e-02  1.32845696e-02
  -7.50253350e-03  1.83515307e-02  6.62438422e-02  4.29158621e-02
  -5.55820502e-02  2.31230818e-02 -5.59067412e-04 -9.67494249e-02
   4.86937618e+00  5.17144334e-03  7.98349679e-02 -1.24130826e-02
   4.63351309e-02 -1.80473570e-02  4.10790853e-02 -1.07022282e-02
  -2.12819148e-02 -1.17749823e-02 -1.29878195e-02 -2.71081757e-02
  -3.84139121e-02]
 [-1.35551870e-03  5.16534143e-04  7.05468142e-03 -2.57521402e-02
  -5.01718372e-03 -6.53041818e-04  1.02461912e-01 -1.90567016e-03
  -8.80373828e-03 -9.33547562e-04  6.46473782e-04 -2.80865165e-03
   5.17144334e-03  4.40307381e-03  1.95379369e-03 -6.94782585e-02
  -1.40665646e-03  1.65093469e-03 -3.46960919e-03  1.10924442e-03
  -3.17877391e-03  3.14641930e-03 -2.95255287e-03  4.33954112e-02
   2.04287656e-03]
 [-1.43295468e-03  2.14413553e-03  3.39785987e-03  5.60913943e-02
  -5.48396865e-03  1.07111281e-03  7.63524994e-02  2.12921295e-03
  -8.13105050e-03  1.39330412e-04 -1.57574844e-03 -2.66362424e-03
   7.98349679e-02  1.95379369e-03  3.73240141e-03  8.72957520e-03
  -7.42062170e-04  9.37786608e-05 -1.79858052e-03 -1.42726698e-04
  -2.05499609e-03  1.18404313e-03 -1.75048760e-03  2.23514903e-02
   7.79264432e-04]
 [-3.96235799e-03 -6.89323917e-02 -4.59421389e-02  3.57369222e-02
  -3.78041454e-02 -2.00227778e-02 -6.75962418e-02 -7.76788220e-03
  -8.86637270e-02  7.23776445e-02 -3.77529114e-02  9.31766722e-03
  -1.24130826e-02 -6.94782585e-02  8.72957520e-03  4.80858517e+00
  -5.55961207e-02  2.72800382e-02 -1.31706633e-02 -1.63273644e-02
   4.31477353e-02  3.46072018e-02  5.99326901e-02  4.98056151e-02
   8.70231353e-03]
 [ 8.10216588e-04  1.39619736e-03 -4.41395584e-03  1.51422173e-02
   4.70279250e-03  1.41907984e-03 -7.39554912e-02  1.94772938e-03
   8.15061759e-03 -9.12464689e-04  6.12290227e-04  2.30939244e-04
   4.63351309e-02 -1.40665646e-03 -7.42062170e-04 -5.55961207e-02
   2.73386226e-03 -1.62902032e-03  3.55468900e-03 -3.42772109e-04
   1.37038680e-03 -2.71720160e-03  3.86590429e-04 -4.32001846e-03
  -1.58952642e-03]
 [-6.38136524e-04 -2.05608271e-03  3.26904701e-03 -6.22668751e-02
  -1.48388359e-03 -1.19182619e-03  4.13238108e-02 -3.06412554e-03
  -4.45414707e-03  3.62613238e-04  1.15375174e-03 -1.98144186e-03
  -1.80473570e-02  1.65093469e-03  9.37786608e-05  2.72800382e-02
  -1.62902032e-03  2.31738086e-03 -1.63416029e-03  9.71531321e-04
  -5.59722539e-04  3.28003312e-03 -8.14302184e-04  6.08030930e-02
   1.89177366e-03]
 [ 1.23374653e-03  1.38548156e-03 -8.07902217e-03  2.17354093e-02
   8.45669210e-03  2.60033109e-03 -1.38783157e-01  2.88831303e-03
   1.43009089e-02 -9.56494536e-04  9.11915384e-04  3.06993927e-04
   4.10790853e-02 -3.46960919e-03 -1.79858052e-03 -1.31706633e-02
   3.55468900e-03 -1.63416029e-03  6.42227242e-03 -4.29576292e-04
   3.86751094e-03 -3.34999780e-03  1.34961633e-03  4.53948714e-02
  -1.50965468e-03]
 [-2.46681477e-04 -5.32781647e-04  1.59637898e-03 -3.06256488e-02
  -7.70755869e-05 -3.26789013e-04  1.43700419e-02 -1.38521823e-03
  -9.33897041e-04 -3.51135823e-04  8.79530038e-04 -1.03400776e-03
  -1.07022282e-02  1.10924442e-03 -1.42726698e-04 -1.63273644e-02
  -3.42772109e-04  9.71531321e-04 -4.29576292e-04  5.98677783e-04
  -3.19714134e-04  1.33497000e-03 -7.37648515e-04  3.56742963e-02
   9.09194758e-04]
 [ 9.53332055e-04 -1.25914114e-04 -5.59360161e-03  8.79223645e-03
   5.64247603e-03  1.25875219e-03 -9.78770331e-02  1.22210523e-03
   9.50447191e-03 -6.98732038e-05  3.63227242e-04  1.24687597e-03
  -2.12819148e-02 -3.17877391e-03 -2.05499609e-03  4.31477353e-02
   1.37038680e-03 -5.59722539e-04  3.86751094e-03 -3.19714134e-04
   3.35983676e-03 -1.72135152e-03  1.73992396e-03  3.24668065e-02
  -5.54876286e-04]
 [-1.32878276e-03 -2.31081597e-03  6.17762608e-03 -7.20647275e-02
  -4.22077114e-03 -1.61275035e-03  8.94286484e-02 -3.91490199e-03
  -9.40879341e-03  5.33217331e-04  1.09855435e-03 -3.28892423e-03
  -1.17749823e-02  3.14641930e-03  1.18404313e-03  3.46072018e-02
  -2.71720160e-03  3.28003312e-03 -3.34999780e-03  1.33497000e-03
  -1.72135152e-03  5.01242653e-03 -1.72542152e-03  8.14175680e-02
   2.89457967e-03]
 [ 1.09334686e-03 -1.82166917e-03 -4.28684289e-03 -1.23753175e-02
   2.92285183e-03 -8.07843346e-04 -5.88210709e-02 -1.88673686e-04
   4.30908287e-03  1.29383756e-03 -2.10147497e-04  2.38889433e-03
  -1.29878195e-02 -2.95255287e-03 -1.75048760e-03  5.99326901e-02
   3.86590429e-04 -8.14302184e-04  1.34961633e-03 -7.37648515e-04
   1.73992396e-03 -1.72542152e-03  2.47289683e-03 -6.02751598e-02
  -1.64924201e-03]
 [-3.14383507e-02  3.83394174e-02  4.96223681e-02 -5.64217567e-02
   2.46814247e-02  6.22737035e-02  5.43293320e-02  5.84065448e-03
   3.21691073e-02 -4.27062698e-02  3.31510305e-02 -1.09183744e-01
  -2.71081757e-02  4.33954112e-02  2.23514903e-02  4.98056151e-02
  -4.32001846e-03  6.08030930e-02  4.53948714e-02  3.56742963e-02
   3.24668065e-02  8.14175680e-02 -6.02751598e-02  5.05123329e+00
   8.94853622e-02]
 [-1.05475006e-03  3.49029840e-04  4.06976510e-03 -4.85609006e-03
  -2.52688932e-03  3.68452427e-04  4.99181598e-02 -9.48138477e-04
  -4.15501511e-03 -6.47520181e-04  2.66420917e-04 -1.88561040e-03
  -3.84139121e-02  2.04287656e-03  7.79264432e-04  8.70231353e-03
  -1.58952642e-03  1.89177366e-03 -1.50965468e-03  9.09194758e-04
  -5.54876286e-04  2.89457967e-03 -1.64924201e-03  8.94853622e-02
   2.58697732e-03]]

S: 
[[ 9.99206558e-01 -3.39463075e-01 -2.62686156e-01 -1.31560950e-01
  -1.84164431e-01  2.81467586e-02  5.96732016e-02 -1.90740329e-02
   1.25453195e-01  4.99491548e-02  1.05780692e-01  9.11886700e-02
  -3.50798320e-02 -5.72904322e-02 -2.04166727e-02  1.70439529e-01
   1.38508547e-01  1.03333636e-01  5.09699024e-02  1.69263308e-02
   1.16270325e-02  8.03856386e-02 -6.44039323e-02 -4.62524781e-02
   1.15546051e-01]
 [-3.39463075e-01  9.93748308e-01  4.84965466e-01  1.90477399e-01
   3.91579853e-01  8.83471348e-02  1.33792458e-01  1.86400030e-01
  -1.48119820e-01 -1.19686937e-01 -2.06159868e-01 -2.31826229e-01
   2.39358360e-01  2.79978255e-01  2.91754824e-01 -1.87419964e-02
  -5.18948950e-02 -3.34360659e-02 -9.10967589e-02  1.97012775e-02
   1.30794835e-01  1.83318299e-02  1.65459056e-01  4.96051879e-02
  -8.88044223e-02]
 [-2.62686156e-01  4.84965466e-01  9.86470612e-01  3.85435461e-01
   5.15682618e-01  9.86479121e-02 -6.58043892e-02  1.35082220e-01
  -1.02099759e-01 -1.55793545e-01 -2.12734307e-01 -2.82764043e-01
   4.35680551e-01  3.70750644e-01  2.48937774e-01 -3.81639854e-02
  -8.38899426e-02 -4.47430419e-02 -1.20161443e-01 -3.85284943e-02
   1.51560990e-01 -4.88354062e-03  2.27273729e-01 -1.39141441e-02
  -5.36167378e-02]
 [-1.31560950e-01  1.90477399e-01  3.85435461e-01 -3.29388714e+00
   3.73053252e-01 -4.54203782e-03  2.11803917e-01 -3.96899872e-02
  -1.75984433e-01 -2.12968510e-01 -2.41410143e-02 -2.23261160e-01
   1.76793938e-01  3.23455686e-01  1.03841089e-01 -1.34673079e-01
  -1.58928176e-01 -8.02016490e-03 -1.88046885e-01  2.35470036e-02
   5.23386709e-02  1.10384716e-01  8.44575361e-02  1.77966642e-02
   2.56224534e-02]
 [-1.84164431e-01  3.91579853e-01  5.15682618e-01  3.73053252e-01
   9.85390740e-01  1.19608912e-01  3.30340881e-01  1.34430440e-01
  -1.47648255e-01 -1.68600694e-01 -2.49094322e-01 -3.34659902e-01
   4.23621382e-01  4.75086100e-01  2.74586599e-01 -1.57930587e-01
  -1.92781651e-01 -1.34013461e-01 -2.10730130e-01 -7.60483153e-02
   1.59190801e-01  4.97899505e-03  2.34233419e-01 -8.03590475e-03
  -4.59950837e-02]
 [ 2.81467586e-02  8.83471348e-02  9.86479121e-02 -4.54203782e-03
   1.19608912e-01  9.96655654e-01  4.60041457e-01  3.03287162e-01
  -3.44701408e-01 -2.48225720e-01 -2.31430669e-02 -9.15666301e-02
   9.79292007e-02  1.41000993e-01  2.45781418e-01 -4.74328200e-02
  -4.17333234e-02 -2.81364764e-02 -1.00037876e-01 -5.30377873e-02
   1.66033799e-01 -1.12092393e-01  1.91631307e-01  4.71728776e-02
  -1.17917587e-01]
 [ 5.96732016e-02  1.33792458e-01 -6.58043892e-02  2.11803917e-01
   3.30340881e-01  4.60041457e-01 -2.56638336e+00  3.93746414e-01
  -2.17423434e-02 -3.06718240e-01  4.14060393e-02 -7.68119374e-03
   8.57540688e-02  2.07711643e-02  1.70066053e-01  4.69380878e-02
   6.49851157e-02 -3.78479596e-02  9.37398884e-02  3.67765967e-02
   2.62680282e-01 -1.30641494e-01  2.49059818e-01  2.18963514e-03
  -1.04785434e-01]
 [-1.90740329e-02  1.86400030e-01  1.35082220e-01 -3.96899872e-02
   1.34430440e-01  3.03287162e-01  3.93746414e-01  9.92275944e-01
  -3.41416643e-01 -3.38819373e-01  1.87509352e-04 -7.82122452e-02
   4.42107011e-02  9.40736088e-02  2.10096671e-01 -6.30954525e-02
  -6.24802736e-02 -6.33323851e-02 -1.14148910e-01 -1.07915153e-02
   8.70903266e-02 -2.46585293e-02  6.29999819e-02  1.12571195e-02
  -4.76429398e-03]
 [ 1.25453195e-01 -1.48119820e-01 -1.02099759e-01 -1.75984433e-01
  -1.47648255e-01 -3.44701408e-01 -2.17423434e-02 -3.41416643e-01
   9.61282942e-01  4.79469270e-01  9.09241103e-02  1.95730037e-01
  -2.35410770e-02 -9.91893888e-02 -2.27780966e-01  3.08641125e-01
   1.54817818e-01  2.13979923e-01  2.48359807e-01  1.97514859e-01
  -9.59158254e-02  2.20696173e-01 -8.24264321e-02  1.78664445e-02
   2.01952839e-01]
 [ 4.99491548e-02 -1.19686937e-01 -1.55793545e-01 -2.12968510e-01
  -1.68600694e-01 -2.48225720e-01 -3.06718240e-01 -3.38819373e-01
   4.79469270e-01  9.98183321e-01  6.42428807e-02  2.62163100e-01
  -1.83935578e-01 -1.97194263e-01 -2.34047364e-01  1.38990150e-01
   2.49714388e-01  2.44253568e-01  3.43977289e-01  1.74374207e-01
  -8.23063451e-02  1.36965778e-01 -8.12376197e-02  1.81549321e-01
   5.60618808e-02]
 [ 1.05780692e-01 -2.06159868e-01 -2.12734307e-01 -2.41410143e-02
  -2.49094322e-01 -2.31430669e-02  4.14060393e-02  1.87509352e-04
   9.09241103e-02  6.42428807e-02  9.97556073e-01  4.68299919e-01
  -3.24698480e-01 -4.19205808e-01 -3.00127700e-01  5.49615760e-02
   1.43600809e-02  4.97739702e-02  2.28877998e-01  4.99917523e-02
  -1.00736491e-01  4.35213723e-02 -2.17649965e-01  4.46949965e-02
   1.00639454e-01]
 [ 9.11886700e-02 -2.31826229e-01 -2.82764043e-01 -2.23261160e-01
  -3.34659902e-01 -9.15666301e-02 -7.68119374e-03 -7.82122452e-02
   1.95730037e-01  2.62163100e-01  4.68299919e-01  9.94696925e-01
  -2.83223790e-01 -5.11312653e-01 -3.71189786e-01  1.56822130e-01
   1.93218649e-01  1.98758780e-01  3.44815622e-01  2.55410698e-01
  -1.60532794e-01  8.45281758e-02 -2.31145067e-01  2.83467656e-01
   8.09995281e-02]
 [-3.50798320e-02  2.39358360e-01  4.35680551e-01  1.76793938e-01
   4.23621382e-01  9.79292007e-02  8.57540688e-02  4.42107011e-02
  -2.35410770e-02 -1.83935578e-01 -3.24698480e-01 -2.83223790e-01
  -3.86937618e+00  4.13853346e-01  3.03342502e-01 -3.80341771e-02
  -1.13302771e-01 -2.66771375e-03 -1.86597121e-01 -6.37373518e-02
   3.47908965e-01 -5.50322903e-02  4.06324315e-01  7.91696180e-02
  -7.36212775e-02]
 [-5.72904322e-02  2.79978255e-01  3.70750644e-01  3.23455686e-01
   4.75086100e-01  1.41000993e-01  2.07711643e-02  9.40736088e-02
  -9.91893888e-02 -1.97194263e-01 -4.19205808e-01 -5.11312653e-01
   4.13853346e-01  9.95596926e-01  3.13889142e-01 -6.57346924e-02
  -1.37828717e-01 -1.01588452e-01 -2.84619057e-01 -9.35009376e-02
   1.39758834e-01  5.37805073e-02  2.10241859e-01 -1.40502124e-01
   5.18380296e-02]
 [-2.04166727e-02  2.91754824e-01  2.48937774e-01  1.03841089e-01
   2.74586599e-01  2.45781418e-01  1.70066053e-01  2.10096671e-01
  -2.27780966e-01 -2.34047364e-01 -3.00127700e-01 -3.71189786e-01
   3.03342502e-01  3.13889142e-01  9.96267599e-01  2.93178119e-02
   3.64383812e-02 -6.21887493e-02 -2.09890749e-01 -1.34177166e-01
   3.00043597e-01 -8.40529290e-02  2.94545889e-01 -2.73298716e-02
  -1.15565014e-01]
 [ 1.70439529e-01 -1.87419964e-02 -3.81639854e-02 -1.34673079e-01
  -1.57930587e-01 -4.74328200e-02  4.69380878e-02 -6.30954525e-02
   3.08641125e-01  1.38990150e-01  5.49615760e-02  1.56822130e-01
  -3.80341771e-02 -6.57346924e-02  2.93178119e-02 -3.80858517e+00
   7.62577076e-01  5.29145054e-01  4.10976511e-01  3.94453806e-01
  -9.36594139e-02  9.54695024e-02 -1.11794489e-01  2.90214167e-02
   1.01191049e-01]
 [ 1.38508547e-01 -5.18948950e-02 -8.38899426e-02 -1.58928176e-01
  -1.92781651e-01 -4.17333234e-02  6.49851157e-02 -6.24802736e-02
   1.54817818e-01  2.49714388e-01  1.43600809e-02  1.93218649e-01
  -1.13302771e-01 -1.37828717e-01  3.64383812e-02  7.62577076e-01
   9.97266138e-01  5.50732097e-01  3.88015688e-01  3.50955411e-01
  -4.94611365e-02  1.29682317e-01 -3.50296290e-02  1.35131297e-01
   4.14558879e-02]
 [ 1.03333636e-01 -3.34360659e-02 -4.47430419e-02 -8.02016490e-03
  -1.34013461e-01 -2.81364764e-02 -3.78479596e-02 -6.33323851e-02
   2.13979923e-01  2.44253568e-01  4.97739702e-02  1.98758780e-01
  -2.66771375e-03 -1.01588452e-01 -6.21887493e-02  5.29145054e-01
   5.50732097e-01  9.97682619e-01  5.21138479e-01  4.27447127e-01
  -3.37329138e-02  1.03941027e-01 -2.88342381e-02  1.15701857e-01
   5.81994778e-02]
 [ 5.09699024e-02 -9.10967589e-02 -1.20161443e-01 -1.88046885e-01
  -2.10730130e-01 -1.00037876e-01  9.37398884e-02 -1.14148910e-01
   2.48359807e-01  3.43977289e-01  2.28877998e-01  3.44815622e-01
  -1.86597121e-01 -2.84619057e-01 -2.09890749e-01  4.10976511e-01
   3.88015688e-01  5.21138479e-01  9.93577728e-01  3.98125722e-01
  -5.28781214e-02  8.61260526e-02 -6.52468418e-02  1.64820242e-01
   4.57155425e-02]
 [ 1.69263308e-02  1.97012775e-02 -3.85284943e-02  2.35470036e-02
  -7.60483153e-02 -5.30377873e-02  3.67765967e-02 -1.07915153e-02
   1.97514859e-01  1.74374207e-01  4.99917523e-02  2.55410698e-01
  -6.37373518e-02 -9.35009376e-02 -1.34177166e-01  3.94453806e-01
   3.50955411e-01  4.27447127e-01  3.98125722e-01  9.99401322e-01
  -1.15760885e-01  1.97162849e-01 -7.52826304e-02  7.81958249e-02
   1.34174090e-01]
 [ 1.16270325e-02  1.30794835e-01  1.51560990e-01  5.23386709e-02
   1.59190801e-01  1.66033799e-01  2.62680282e-01  8.70903266e-02
  -9.59158254e-02 -8.23063451e-02 -1.00736491e-01 -1.60532794e-01
   3.47908965e-01  1.39758834e-01  3.00043597e-01 -9.36594139e-02
  -4.94611365e-02 -3.37329138e-02 -5.28781214e-02 -1.15760885e-01
   9.96640163e-01 -2.12013474e-01  3.93595996e-01  1.45909010e-01
  -2.38437237e-01]
 [ 8.03856386e-02  1.83318299e-02 -4.88354062e-03  1.10384716e-01
   4.97899505e-03 -1.12092393e-01 -1.30641494e-01 -2.46585293e-02
   2.20696173e-01  1.36965778e-01  4.35213723e-02  8.45281758e-02
  -5.50322903e-02  5.37805073e-02 -8.40529290e-02  9.54695024e-02
   1.29682317e-01  1.03941027e-01  8.61260526e-02  1.97162849e-01
  -2.12013474e-01  9.94987573e-01 -2.59832534e-01 -1.49737872e-01
   3.21975261e-01]
 [-6.44039323e-02  1.65459056e-01  2.27273729e-01  8.44575361e-02
   2.34233419e-01  1.91631307e-01  2.49059818e-01  6.29999819e-02
  -8.24264321e-02 -8.12376197e-02 -2.17649965e-01 -2.31145067e-01
   4.06324315e-01  2.10241859e-01  2.94545889e-01 -1.11794489e-01
  -3.50296290e-02 -2.88342381e-02 -6.52468418e-02 -7.52826304e-02
   3.93595996e-01 -2.59832534e-01  9.97527103e-01  2.54779932e-01
  -3.08991166e-01]
 [-4.62524781e-02  4.96051879e-02 -1.39141441e-02  1.77966642e-02
  -8.03590475e-03  4.71728776e-02  2.18963514e-03  1.12571195e-02
   1.78664445e-02  1.81549321e-01  4.46949965e-02  2.83467656e-01
   7.91696180e-02 -1.40502124e-01 -2.73298716e-02  2.90214167e-02
   1.35131297e-01  1.15701857e-01  1.64820242e-01  7.81958249e-02
   1.45909010e-01 -1.49737872e-01  2.54779932e-01 -4.05123329e+00
  -2.68536602e-01]
 [ 1.15546051e-01 -8.88044223e-02 -5.36167378e-02  2.56224534e-02
  -4.59950837e-02 -1.17917587e-01 -1.04785434e-01 -4.76429398e-03
   2.01952839e-01  5.60618808e-02  1.00639454e-01  8.09995281e-02
  -7.36212775e-02  5.18380296e-02 -1.15565014e-01  1.01191049e-01
   4.14558879e-02  5.81994778e-02  4.57155425e-02  1.34174090e-01
  -2.38437237e-01  3.21975261e-01 -3.08991166e-01 -2.68536602e-01
   9.97413023e-01]]

------------

pcp: 

L: 
[[ 2.26828189e-01 -2.07196210e-01 -1.74228212e-01 -1.41651812e-01
  -1.88820643e-01  1.70994552e-02  1.51872300e-02 -1.75820639e-02
   1.07272931e-01  4.94897195e-02  7.89013430e-02  8.93244759e-02
  -4.42817736e-02 -5.90483074e-02 -2.03744110e-02  1.55537583e-01
   1.19545999e-01  1.01448314e-01  7.56079640e-02  5.46613605e-02
  -3.19671454e-02  7.60820488e-02 -6.27759783e-02 -7.12413313e-02
   1.14487381e-01]
 [-2.04556936e-01  3.70515668e-01  3.52081868e-01  2.64722411e-01
   3.69086071e-01  8.68127638e-02  1.40214688e-01  1.45163616e-01
  -1.43866702e-01 -1.23744332e-01 -2.12675783e-01 -2.28204152e-01
   2.58351411e-01  2.77156038e-01  2.38896543e-01 -8.53115584e-02
  -4.73240539e-02 -3.71386257e-02 -9.40073344e-02  1.77046114e-02
   1.31211907e-01  3.45173970e-03  1.80042741e-01  8.35140789e-02
  -7.56510483e-02]
 [-1.81387336e-01  3.57310778e-01  3.92586870e-01  2.98424724e-01
   4.13852069e-01  9.82192664e-02  1.40451020e-01  1.33363736e-01
  -1.24297358e-01 -1.55589214e-01 -2.21744780e-01 -2.85384358e-01
   3.60166430e-01  3.74423371e-01  2.48728970e-01 -8.56003760e-02
  -8.58266099e-02 -3.83013307e-02 -1.28335996e-01 -6.11916526e-04
   1.47925055e-01  7.11814844e-04  2.22996704e-01  3.71954157e-02
  -4.91218271e-02]
 [-1.45065085e-01  2.60595211e-01  2.92102023e-01  2.67857034e-01
   3.06495225e-01  8.53231297e-02  1.57145192e-01  1.60506467e-01
  -1.48995698e-01 -2.10469477e-01 -1.13563932e-01 -1.89972903e-01
   1.90176472e-01  2.61300570e-01  1.59100228e-01 -1.03963398e-01
  -1.25404050e-01 -7.43352519e-02 -1.35210186e-01 -2.54489508e-03
   5.47710957e-02  3.79577798e-02  7.09737607e-02 -3.94396462e-02
   2.47093385e-02]
 [-1.77191023e-01  3.57023030e-01  4.10559782e-01  3.05408018e-01
   4.62321603e-01  9.50133549e-02  1.23491067e-01  1.25588041e-01
  -1.26231346e-01 -1.71921487e-01 -2.42059007e-01 -3.32968759e-01
   3.88076260e-01  4.26138792e-01  2.67659242e-01 -1.81189067e-01
  -1.78158483e-01 -1.31176788e-01 -2.17921094e-01 -7.85284678e-02
   1.63484519e-01 -2.75241519e-03  2.39143392e-01  1.60440259e-02
  -4.79855665e-02]
 [ 1.86650269e-02  9.25540330e-02  9.66735241e-02  9.02831627e-02
   9.25628054e-02  2.97509524e-01  3.25663166e-01  2.72629033e-01
  -2.67418433e-01 -2.45223325e-01 -2.20117890e-02 -9.42346616e-02
   1.50796993e-01  1.01424566e-01  2.39156095e-01 -6.59302212e-02
  -4.32690380e-02 -5.64128027e-02 -9.86701184e-02 -5.01258801e-02
   1.65095259e-01 -1.18761108e-01  1.75405847e-01  6.49944546e-02
  -1.16191590e-01]
 [ 1.83729685e-02  1.32401670e-01  1.40220179e-01  1.54554221e-01
   1.20264250e-01  3.27301443e-01  4.08695414e-01  3.43320410e-01
  -2.72855968e-01 -3.00212982e-01  2.07640050e-02 -5.97756796e-02
   1.55126628e-01  1.21960091e-01  2.46868390e-01 -7.99115789e-03
  -1.15070369e-02  4.23908876e-03 -4.67214044e-02  3.37267253e-02
   1.60995608e-01 -5.53750413e-02  1.49285228e-01  5.48546332e-02
  -5.42020538e-02]
 [-1.90728401e-02  1.46430807e-01  1.30989364e-01  1.61420258e-01
   1.28690527e-01  2.67272557e-01  3.44908893e-01  3.16341605e-01
  -2.82018035e-01 -2.88911557e-01 -2.02022095e-03 -7.75012395e-02
   8.32190604e-02  1.10589448e-01  2.15854819e-01 -7.48638260e-02
  -6.07906789e-02 -7.08706919e-02 -1.10954485e-01 -1.13578286e-02
   9.05211884e-02 -3.05492578e-02  6.75062145e-02  1.10720074e-02
  -3.02181364e-02]
 [ 1.05372390e-01 -1.46356636e-01 -1.19139629e-01 -1.56182416e-01
  -1.26189469e-01 -2.59983966e-01 -2.73319575e-01 -2.83401580e-01
   4.12640548e-01  3.59443903e-01  8.98968395e-02  2.02432874e-01
  -8.27624872e-02 -1.06480025e-01 -2.35193877e-01  2.04769649e-01
   1.84383498e-01  2.17392151e-01  2.64277568e-01  1.83697406e-01
  -8.34529459e-02  1.76154759e-01 -9.18992499e-02  4.86211811e-02
   1.45759879e-01]
 [ 5.67373755e-02 -1.19555589e-01 -1.57722470e-01 -1.99842245e-01
  -1.75599365e-01 -2.58994837e-01 -2.90738666e-01 -2.88113451e-01
   3.72084927e-01  4.10224029e-01  7.14090797e-02  2.34946319e-01
  -1.46156620e-01 -2.03634285e-01 -2.32902853e-01  2.14827288e-01
   2.44633846e-01  2.31038891e-01  3.05182608e-01  1.86066796e-01
  -7.76512644e-02  1.17810341e-01 -8.03697638e-02  1.27013617e-01
   5.53026300e-02]
 [ 6.87065546e-02 -2.01843551e-01 -2.30817120e-01 -1.17802501e-01
  -2.44809764e-01 -2.48777051e-02  1.27512847e-02 -2.06876174e-03
   9.28853151e-02  6.70761996e-02  3.60004870e-01  3.72698462e-01
  -3.24247689e-01 -3.14083239e-01 -2.93132253e-01  1.95187184e-02
   1.15277109e-02  4.80321317e-02  1.75252252e-01  9.29267736e-02
  -1.12026314e-01  5.02904133e-02 -2.04773856e-01  5.93026897e-02
   8.08171810e-02]
 [ 8.94063294e-02 -2.20489450e-01 -2.86903414e-01 -1.91582039e-01
  -3.31334031e-01 -9.00945950e-02 -5.91140298e-02 -7.75067347e-02
   1.95176047e-01  2.37312453e-01  3.64718150e-01  4.67235492e-01
  -3.82311817e-01 -4.01499177e-01 -3.49524973e-01  1.66959512e-01
   1.96912759e-01  1.99988325e-01  3.44065428e-01  2.28625552e-01
  -1.62256468e-01  8.31392336e-02 -2.30523762e-01  1.41613074e-01
   7.86107493e-02]
 [-4.99390930e-02  2.61592411e-01  3.62498868e-01  1.86104019e-01
   3.88338006e-01  1.50951596e-01  1.50915657e-01  8.89396953e-02
  -8.13468654e-02 -1.47515597e-01 -3.22449956e-01 -3.77730978e-01
   5.07848084e-01  4.18797183e-01  3.84748619e-01 -4.91277725e-02
  -7.03094405e-02 -2.26737302e-02 -1.53462556e-01 -7.26726407e-02
   3.17160736e-01 -6.31437776e-02  3.94352213e-01  4.76201836e-02
  -1.13916881e-01]
 [-6.05439066e-02  2.80164598e-01  3.73912976e-01  2.66949059e-01
   4.24041733e-01  9.58007291e-02  1.20770693e-01  1.14507288e-01
  -1.03834569e-01 -1.90172984e-01 -3.06841629e-01 -4.05513798e-01
   4.25690796e-01  4.90008224e-01  3.29606946e-01 -1.18401708e-01
  -1.42138967e-01 -1.16194227e-01 -2.64394885e-01 -8.95794163e-02
   1.37192150e-01  4.88227299e-02  2.07876607e-01 -9.53635809e-02
   3.25772741e-02]
 [-1.85809373e-02  2.33071468e-01  2.54321377e-01  1.60577966e-01
   2.68609872e-01  2.38164662e-01  2.46332766e-01  2.13795057e-01
  -2.34439818e-01 -2.35663135e-01 -2.89538203e-01 -3.49041183e-01
   3.77841862e-01  3.27541548e-01  4.21677965e-01 -3.91925852e-02
  -2.99270912e-02 -6.19611654e-02 -1.97218596e-01 -9.88533051e-02
   2.40166973e-01 -8.24649240e-02  2.92723450e-01 -2.00362650e-03
  -1.15701287e-01]
 [ 1.42741721e-01 -8.17045590e-02 -8.61688956e-02 -1.16987673e-01
  -1.77055677e-01 -6.64400456e-02 -1.59104549e-02 -7.42759096e-02
   2.05628016e-01  2.11781518e-01  1.55274589e-02  1.68781872e-01
  -5.18014634e-02 -1.19822742e-01 -3.69932856e-02  4.13791409e-01
   4.06742167e-01  3.95119620e-01  3.70174696e-01  3.42646879e-01
  -4.87750162e-02  1.38557079e-01 -4.98800520e-02  7.14222620e-02
   9.83449254e-02]
 [ 1.29735840e-01 -5.66019044e-02 -9.21719084e-02 -1.27776920e-01
  -1.80910839e-01 -4.64525969e-02 -5.21437351e-03 -6.08372754e-02
   1.92103181e-01  2.48991900e-01  1.91662790e-02  1.90870123e-01
  -6.05739937e-02 -1.40236505e-01 -3.01999604e-02  4.10863015e-01
   4.40273832e-01  4.02073742e-01  3.90499054e-01  3.53690521e-01
  -4.43319035e-02  1.19388583e-01 -3.08837668e-02  1.31405775e-01
   5.96346898e-02]
 [ 9.79491395e-02 -3.56826757e-02 -4.34452565e-02 -8.48507220e-02
  -1.33128262e-01 -4.49045359e-02 -2.07649401e-03 -6.88083905e-02
   2.05834217e-01  2.47136410e-01  5.11519739e-02  1.99420283e-01
  -2.05303855e-02 -1.04908329e-01 -6.80635338e-02  3.93665985e-01
   4.12283529e-01  4.12741054e-01  4.05031653e-01  3.72876318e-01
  -4.05688543e-02  1.09091535e-01 -7.04524337e-03  1.53218960e-01
   5.79829054e-02]
 [ 6.75754679e-02 -8.88249624e-02 -1.24751867e-01 -1.37899350e-01
  -2.15174412e-01 -9.48777569e-02 -4.75440880e-02 -1.11412428e-01
   2.57995142e-01  2.97739967e-01  1.77604457e-01  3.47496026e-01
  -1.58733813e-01 -2.63834428e-01 -2.02616926e-01  3.73102192e-01
   3.91645129e-01  4.14389472e-01  4.78306021e-01  3.81372204e-01
  -5.18782439e-02  1.02436886e-01 -6.42221940e-02  2.07752052e-01
   4.47297827e-02]
 [ 4.86960440e-02  2.20272064e-02  2.47341254e-03 -2.65482269e-04
  -7.83043735e-02 -5.70056735e-02  3.84555669e-02 -9.95805486e-03
   1.86786411e-01  1.79248716e-01  1.04733099e-01  2.30681773e-01
  -7.60934845e-02 -9.53732728e-02 -1.00157667e-01  3.49904837e-01
   3.50898761e-01  3.75981361e-01  3.84695362e-01  3.93557647e-01
  -8.31374026e-02  1.83274357e-01 -9.02986118e-02  1.16092086e-01
   1.31742177e-01]
 [-4.42400976e-02  1.39883577e-01  1.53285266e-01  4.26336632e-02
   1.70823070e-01  1.81133237e-01  1.45615360e-01  8.81311184e-02
  -9.55053928e-02 -7.90314682e-02 -1.22916123e-01 -1.50257255e-01
   3.02625598e-01  1.37782988e-01  2.38555102e-01 -5.98675500e-02
  -4.13951884e-02 -2.27664366e-02 -5.13561704e-02 -9.59208669e-02
   3.15595328e-01 -1.66277555e-01  3.59100297e-01  1.69480464e-01
  -2.19161431e-01]
 [ 7.37308944e-02  8.63692840e-03  3.19709834e-03  3.56879576e-02
   4.83495435e-03 -1.13673519e-01 -5.30322259e-02 -2.81754877e-02
   1.66347283e-01  1.29125365e-01  3.98332604e-02  8.26037772e-02
  -7.56276081e-02  5.66455020e-02 -8.23526045e-02  1.25741534e-01
   1.32031940e-01  1.11272022e-01  9.67031747e-02  1.85057880e-01
  -1.88915108e-01  2.46178709e-01 -1.95022389e-01 -6.36733829e-02
   2.34163923e-01]
 [-6.46202741e-02  1.84318872e-01  2.26366331e-01  6.69686344e-02
   2.38061760e-01  1.81652719e-01  1.41246979e-01  6.86846979e-02
  -1.01710360e-01 -7.83499469e-02 -2.10888358e-01 -2.29116370e-01
   3.87229953e-01  2.06227819e-01  2.97250062e-01 -5.22361943e-02
  -3.09923386e-02 -4.77562874e-03 -6.20379806e-02 -9.02011139e-02
   3.54617749e-01 -1.86248531e-01  4.23218988e-01  1.81289073e-01
  -2.49221856e-01]
 [-5.73421769e-02  7.61644211e-02  3.37288050e-02 -3.18930625e-02
   1.19433604e-02  6.10325051e-02  6.00209022e-02  3.82991588e-03
   5.89137762e-02  1.16994622e-01  6.74221174e-02  1.36550882e-01
   6.09468295e-02 -9.88410610e-02 -4.27351785e-03  8.25861851e-02
   1.27497887e-01  1.53398023e-01  2.12809618e-01  1.12342554e-01
   1.77117535e-01 -7.77437750e-02  1.90510088e-01  2.73632704e-01
  -1.56170928e-01]
 [ 1.15540512e-01 -8.21680454e-02 -4.76640171e-02  1.75716394e-02
  -4.82573642e-02 -1.13775283e-01 -5.26396930e-02 -3.00745695e-02
   1.45818712e-01  5.45751220e-02  7.80638353e-02  7.94807322e-02
  -1.14592963e-01  3.74869880e-02 -1.15045137e-01  9.88328328e-02
   5.97294191e-02  6.47684244e-02  4.43881634e-02  1.34335208e-01
  -2.16498413e-01  2.37672383e-01 -2.47122573e-01 -1.58537798e-01
   2.73818597e-01]]

S: 
[[ 7.73171811e-01 -1.32997038e-01 -9.10188400e-02 -0.00000000e+00
   0.00000000e+00  1.07033797e-02 -0.00000000e+00  0.00000000e+00
   2.23966262e-02 -0.00000000e+00  2.73029156e-02  0.00000000e+00
   0.00000000e+00  0.00000000e+00 -0.00000000e+00  1.09395883e-02
   1.97727650e-02  0.00000000e+00 -2.34043151e-02 -3.79817112e-02
   4.45475100e-02  0.00000000e+00 -0.00000000e+00 -6.44949743e-03
   0.00000000e+00]
 [-1.35636312e-01  6.29484332e-01  1.33016170e-01  7.03647966e-02
   2.09975135e-02 -0.00000000e+00 -0.00000000e+00  4.73224061e-02
   0.00000000e+00  0.00000000e+00 -0.00000000e+00 -3.67186527e-03
  -7.32210144e-03 -0.00000000e+00  5.50024163e-02 -0.00000000e+00
   0.00000000e+00 -0.00000000e+00  0.00000000e+00  0.00000000e+00
   0.00000000e+00  1.25692742e-02 -1.64053548e-02  4.43052640e-03
  -1.28043441e-02]
 [-8.38597162e-02  1.27787260e-01  6.07413130e-01  6.20035741e-02
   9.02890748e-02 -0.00000000e+00 -0.00000000e+00  0.00000000e+00
   0.00000000e+00 -0.00000000e+00  8.77648817e-03 -0.00000000e+00
   2.83758251e-02  3.38195489e-03 -0.00000000e+00  0.00000000e+00
   0.00000000e+00  0.00000000e+00 -0.00000000e+00 -3.63201988e-02
  -1.95766733e-03 -0.00000000e+00  0.00000000e+00  0.00000000e+00
   0.00000000e+00]
 [-0.00000000e+00  7.44919969e-02  6.83262755e-02  7.32142966e-01
   0.00000000e+00 -0.00000000e+00  7.49342371e-02 -2.82852151e-02
  -0.00000000e+00 -3.17355753e-02  0.00000000e+00  0.00000000e+00
  -0.00000000e+00  3.64029760e-02  0.00000000e+00  5.02724154e-03
  -1.83819079e-02  4.04821197e-03 -3.11012897e-02  0.00000000e+00
   6.35981163e-03  0.00000000e+00 -0.00000000e+00 -0.00000000e+00
  -0.00000000e+00]
 [-0.00000000e+00  3.30605547e-02  9.35813618e-02  0.00000000e+00
   5.37678397e-01  2.56632776e-02 -9.61166611e-03  8.67936066e-03
   0.00000000e+00  2.33245737e-03 -0.00000000e+00  0.00000000e+00
   2.80425886e-02  4.39301245e-02 -0.00000000e+00 -1.45456656e-02
  -9.92037531e-03 -0.00000000e+00  1.56476561e-02  0.00000000e+00
  -0.00000000e+00 -0.00000000e+00  0.00000000e+00 -0.00000000e+00
   0.00000000e+00]
 [ 9.13780812e-03 -0.00000000e+00 -0.00000000e+00 -0.00000000e+00
   2.81138270e-02  7.02490476e-01  1.02159917e-01  3.51023790e-02
  -7.27467346e-02 -0.00000000e+00  0.00000000e+00 -0.00000000e+00
  -3.45162615e-02  3.89233854e-02  7.69643496e-03 -0.00000000e+00
  -0.00000000e+00  2.70845002e-02 -0.00000000e+00  0.00000000e+00
  -0.00000000e+00 -0.00000000e+00  1.54176167e-02  4.44521265e-02
  -0.00000000e+00]
 [-0.00000000e+00 -0.00000000e+00 -0.00000000e+00  7.75252082e-02
  -6.38484886e-03  1.00521640e-01  5.91304586e-01  1.23816864e-02
  -1.06498956e-01 -0.00000000e+00  0.00000000e+00  0.00000000e+00
   0.00000000e+00  0.00000000e+00  0.00000000e+00 -1.26669961e-02
   0.00000000e+00 -0.00000000e+00  1.67813590e-03  1.74199132e-02
   3.80764046e-03  1.41621959e-02  4.09535199e-02 -0.00000000e+00
   0.00000000e+00]
 [ 0.00000000e+00  4.60552154e-02  0.00000000e+00 -2.91990054e-02
   5.57687399e-03  4.04588548e-02  1.07932033e-02  6.83658395e-01
  -5.47030645e-02 -5.12012912e-02 -0.00000000e+00  0.00000000e+00
  -0.00000000e+00 -1.84215091e-02  0.00000000e+00  4.00049129e-03
  -0.00000000e+00 -0.00000000e+00 -0.00000000e+00  0.00000000e+00
   0.00000000e+00  0.00000000e+00 -4.69490625e-03  6.02576658e-03
   2.45057040e-02]
 [ 2.42971681e-02  0.00000000e+00  0.00000000e+00 -0.00000000e+00
   0.00000000e+00 -8.01812011e-02 -1.06035348e-01 -5.33195190e-02
   5.87359452e-01  1.16926905e-01  3.32523501e-03  0.00000000e+00
   0.00000000e+00 -0.00000000e+00 -0.00000000e+00  1.52077495e-02
  -2.14150627e-02 -0.00000000e+00 -0.00000000e+00  1.28835557e-02
   0.00000000e+00  3.51326203e-02  1.37819007e-02  0.00000000e+00
   5.20379445e-02]
 [-0.00000000e+00  0.00000000e+00 -0.00000000e+00 -4.23628067e-02
   6.01033563e-03  0.00000000e+00 -7.00294468e-03 -5.19993966e-02
   1.04285881e-01  5.89775971e-01 -0.00000000e+00  2.74487372e-02
  -1.46558764e-02  0.00000000e+00  0.00000000e+00 -0.00000000e+00
   0.00000000e+00  0.00000000e+00  3.78381863e-02 -1.20437245e-02
   0.00000000e+00  1.96886540e-02  0.00000000e+00  1.18294344e-02
   0.00000000e+00]
 [ 3.74977040e-02 -0.00000000e+00  1.78488288e-02  0.00000000e+00
  -0.00000000e+00  0.00000000e+00  1.02190706e-03 -0.00000000e+00
   0.00000000e+00 -0.00000000e+00  6.39995130e-01  9.44587158e-02
  -0.00000000e+00 -1.04476096e-01 -8.57119565e-03 -2.31005378e-03
  -0.00000000e+00  0.00000000e+00  5.45376622e-02 -4.20554913e-02
   1.16530502e-02  0.00000000e+00 -1.30862563e-02  1.85433373e-02
   2.00886936e-02]
 [ 0.00000000e+00 -1.13865677e-02 -0.00000000e+00  0.00000000e+00
   0.00000000e+00 -0.00000000e+00  0.00000000e+00  0.00000000e+00
   0.00000000e+00  2.50826025e-02  1.02439028e-01  5.32764508e-01
  -0.00000000e+00 -1.12622128e-01 -2.43284367e-02 -0.00000000e+00
   0.00000000e+00 -0.00000000e+00 -0.00000000e+00  2.57511383e-02
  -0.00000000e+00  0.00000000e+00  0.00000000e+00  3.26708386e-02
  -0.00000000e+00]
 [ 0.00000000e+00 -1.05631013e-02  2.60433870e-02 -0.00000000e+00
   2.77808426e-02 -3.46708647e-02  0.00000000e+00 -0.00000000e+00
   0.00000000e+00 -1.32968991e-02 -0.00000000e+00 -0.00000000e+00
   4.92151916e-01  0.00000000e+00  0.00000000e+00 -0.00000000e+00
  -0.00000000e+00  0.00000000e+00  7.94452032e-03  0.00000000e+00
   9.46631350e-03  0.00000000e+00  0.00000000e+00  0.00000000e+00
  -0.00000000e+00]
 [ 1.89795576e-03 -0.00000000e+00  3.89235000e-03  3.07544869e-02
   4.60271834e-02  4.45472226e-02  0.00000000e+00 -2.23393490e-02
  -0.00000000e+00  0.00000000e+00 -1.11717706e-01 -1.08607506e-01
   0.00000000e+00  5.09991776e-01 -1.37640095e-02 -1.68112425e-02
   0.00000000e+00  1.62567094e-02 -2.36937817e-02 -0.00000000e+00
   0.00000000e+00  5.50722285e-03  0.00000000e+00 -0.00000000e+00
   2.13036320e-02]
 [-0.00000000e+00  6.08274908e-02 -0.00000000e+00  0.00000000e+00
  -0.00000000e+00  8.68786887e-03  0.00000000e+00  0.00000000e+00
  -0.00000000e+00  0.00000000e+00 -1.21652455e-02 -2.48122272e-02
   5.33560820e-03 -1.16986116e-02  5.78322035e-01  7.72399723e-02
   6.56234102e-02 -0.00000000e+00 -1.44707334e-02 -3.54665872e-02
   5.78216278e-02  0.00000000e+00  0.00000000e+00 -0.00000000e+00
   0.00000000e+00]
 [ 2.37354503e-02 -0.00000000e+00  0.00000000e+00  1.80515166e-02
  -1.86790555e-02 -0.00000000e+00 -4.74769918e-03  3.41257489e-03
   1.43493817e-02 -0.00000000e+00 -0.00000000e+00 -0.00000000e+00
  -0.00000000e+00 -1.53902092e-02  7.50406727e-02  5.86208591e-01
   3.00238788e-01  1.61305473e-01  2.76311517e-02  3.54795619e-02
   0.00000000e+00 -0.00000000e+00  0.00000000e+00 -0.00000000e+00
   1.15484369e-02]
 [ 9.58292350e-03  0.00000000e+00  0.00000000e+00 -1.60090385e-02
  -7.16801960e-03 -0.00000000e+00  0.00000000e+00 -0.00000000e+00
  -2.91347456e-02  0.00000000e+00 -0.00000000e+00  0.00000000e+00
  -0.00000000e+00  0.00000000e+00  6.58962795e-02  2.96117940e-01
   5.59726168e-01  1.47029334e-01  0.00000000e+00  0.00000000e+00
  -0.00000000e+00  2.51781424e-03  0.00000000e+00 -0.00000000e+00
  -1.97683283e-02]
 [ 0.00000000e+00 -0.00000000e+00  0.00000000e+00  1.45636820e-02
  -0.00000000e+00  1.55762333e-02  0.00000000e+00 -0.00000000e+00
  -0.00000000e+00  0.00000000e+00  0.00000000e+00 -0.00000000e+00
   0.00000000e+00  4.97081127e-03 -0.00000000e+00  1.62759108e-01
   1.36819548e-01  5.87258946e-01  1.14472665e-01  5.55423399e-02
  -0.00000000e+00 -0.00000000e+00 -2.26032969e-02  2.32859902e-02
  -0.00000000e+00]
 [-1.53718190e-02  0.00000000e+00 -0.00000000e+00 -2.84121257e-02
   1.29009736e-02 -0.00000000e+00  2.50081949e-03 -0.00000000e+00
  -0.00000000e+00  4.52808271e-02  5.21854571e-02 -0.00000000e+00
   1.32157778e-02 -2.42542384e-02 -9.07240425e-03  2.47036556e-02
   0.00000000e+00  1.05114846e-01  5.21693979e-01  1.63239416e-02
   0.00000000e+00 -1.96608311e-02 -0.00000000e+00  0.00000000e+00
   0.00000000e+00]
 [-3.20163947e-02  0.00000000e+00 -3.94055278e-02  0.00000000e+00
   0.00000000e+00  0.00000000e+00  1.26910716e-02  0.00000000e+00
   9.79455130e-03 -5.22564415e-03 -5.38618162e-02  2.36949165e-02
   0.00000000e+00 -0.00000000e+00 -3.41622249e-02  2.82216046e-02
   0.00000000e+00  5.24372966e-02  1.30007834e-02  6.06442353e-01
  -3.29431964e-02  1.52234617e-02  1.42783329e-02 -0.00000000e+00
   0.00000000e+00]
 [ 5.68204621e-02  0.00000000e+00 -7.31787791e-03  1.84972441e-02
  -0.00000000e+00 -1.38406858e-02  1.91878892e-02  0.00000000e+00
   6.31856760e-03  0.00000000e+00  2.25428598e-02 -0.00000000e+00
   2.40014521e-02  0.00000000e+00  5.94334982e-02  0.00000000e+00
  -0.00000000e+00 -0.00000000e+00  0.00000000e+00 -2.01597322e-02
   6.84404672e-01 -4.74572704e-02  3.62356233e-02  8.89535228e-03
  -1.98306821e-02]
