DENISE trained 300 epochs with 800000 10x10 rank 3 matrices.
DENISE: 

L: 
 [[ 1.4617601e-02  4.7558762e-02 -3.3659816e-03 -9.5782969e-03
  -1.8666880e-01 -7.6324875e-03  4.6198670e-02 -2.9364659e-03
  -2.4988714e-03  1.9233992e-04]
 [ 4.7558762e-02  2.7031083e+00 -1.5948016e-02 -1.1770525e-03
   2.7237682e-02 -1.1889903e-02  3.5318586e-03  7.7781960e-02
   3.0680012e-02 -7.6306291e-02]
 [-3.3659816e-03 -1.5948016e-02  3.7611835e-03  2.5601299e-03
   5.1064525e-02  8.1696460e-04 -1.2226122e-02  1.0467508e-03
   8.2579084e-02  3.2608988e-04]
 [-9.5782969e-03 -1.1770525e-03  2.5601299e-03  6.6864984e-03
   1.3107803e-01  5.0264420e-03 -3.2259632e-02  3.0270505e-03
   1.3493036e-02 -1.0007877e-03]
 [-1.8666880e-01  2.7237682e-02  5.1064525e-02  1.3107803e-01
   2.5710144e+00  9.7823508e-02 -6.3238901e-01  6.0944036e-02
   2.9872903e-01 -2.0925229e-02]
 [-7.6324875e-03 -1.1889903e-02  8.1696460e-04  5.0264420e-03
   9.7823508e-02  4.3323967e-03 -2.4290998e-02  1.8102120e-03
  -2.3736838e-02 -5.5865431e-04]
 [ 4.6198670e-02  3.5318586e-03 -1.2226122e-02 -3.2259632e-02
  -6.3238901e-01 -2.4290998e-02  1.5564606e-01 -1.4652337e-02
  -6.1862964e-02  4.9005235e-03]
 [-2.9364659e-03  7.7781960e-02  1.0467508e-03  3.0270505e-03
   6.0944036e-02  1.8102120e-03 -1.4652337e-02  3.6816308e-03
   1.6774137e-02 -2.6352271e-03]
 [-2.4988714e-03  3.0680012e-02  8.2579084e-02  1.3493036e-02
   2.9872903e-01 -2.3736838e-02 -6.1862964e-02  1.6774137e-02
   2.2645929e+00  4.8497971e-03]
 [ 1.9233992e-04 -7.6306291e-02  3.2608988e-04 -1.0007877e-03
  -2.0925229e-02 -5.5865431e-04  4.9005235e-03 -2.6352271e-03
   4.8497971e-03  2.3412020e-03]]

S: 
[[ 0.9853824   0.50303792  0.84435019  0.35318127  0.009044    0.63971771
   0.70287581  0.57143018  0.45881147  0.29663509]
 [ 0.50303792 -1.70310831  0.61686218 -0.0788116  -0.72689018  0.38761156
   0.91372635  0.76288012  0.36046283  0.07365112]
 [ 0.84435019  0.61686218  0.99623882  0.43368754 -0.42461433  0.41096567
   0.78873719  0.61635225  0.14075118  0.16458781]
 [ 0.35318127 -0.0788116   0.43368754  0.9933135  -0.01078109  0.26492989
   0.14809544 -0.04497813 -0.04150556  0.51061363]
 [ 0.009044   -0.72689018 -0.42461433 -0.01078109 -1.5710144   0.00380482
  -0.02024644 -0.76809599 -0.03048592  0.52610569]
 [ 0.63971771  0.38761156  0.41096567  0.26492989  0.00380482  0.9956676
   0.49818729  0.36398269  0.6993876   0.54665456]
 [ 0.70287581  0.91372635  0.78873719  0.14809544 -0.02024644  0.49818729
   0.84435394  0.88988323  0.48101725  0.06211852]
 [ 0.57143018  0.76288012  0.61635225 -0.04497813 -0.76809599  0.36398269
   0.88988323  0.99631837  0.3020541  -0.12419093]
 [ 0.45881147  0.36046283  0.14075118 -0.04150556 -0.03048592  0.6993876
   0.48101725  0.3020541  -1.26459289  0.51813019]
 [ 0.29663509  0.07365112  0.16458781  0.51061363  0.52610569  0.54665456
   0.06211852 -0.12419093  0.51813019  0.9976588 ]]

------------

pcp: 

L: 
[[ 0.83549055  0.52950274  0.77549818  0.37064326 -0.17992818  0.66779988
   0.74500757  0.580578    0.47160911  0.36669036]
 [ 0.55238666  0.92128197  0.60683224 -0.06558527 -0.65866774  0.38796221
   0.93195576  0.84453195  0.41918833 -0.01636588]
 [ 0.74719089  0.57695575  0.84854604  0.39248702 -0.3986581   0.43585324
   0.775385    0.59556145  0.18789422  0.15334227]
 [ 0.39534794 -0.08791257  0.43103824  0.46677396  0.15256184  0.22899146
   0.11807842 -0.03364915 -0.03040611  0.26433975]
 [-0.18030926 -0.67292115 -0.39089916  0.13757285  0.8845911   0.11350487
  -0.61761228 -0.70564332  0.17506213  0.52167456]
 [ 0.6234886   0.35497819  0.42146276  0.1775503   0.10817669  0.68469585
   0.4930925   0.37038035  0.66025623  0.4945273 ]
 [ 0.72125677  0.93229915  0.78799428  0.09630843 -0.64101758  0.48907065
   1.0173309   0.87932321  0.42574189  0.06907085]
 [ 0.58688272  0.85827717  0.62980359 -0.01947116 -0.73220207  0.37158013
   0.89766047  0.90437599  0.30607399 -0.14041503]
 [ 0.47544848  0.39332986  0.19036674 -0.04754667  0.20891524  0.70609611
   0.43846735  0.32335757  0.87181825  0.57034559]
 [ 0.34495123 -0.03550818  0.16716208  0.22652755  0.49386748  0.49254983
   0.08955506 -0.11886142  0.51488416  0.63309686]]

S: 
[[ 0.16450945 -0.          0.06548602  0.          0.          0.
   0.00406691  0.          0.         -0.06986293]
 [-0.          0.07871803  0.         -0.01440338 -0.04098476 -0.
   0.          0.          0.          0.01221172]
 [ 0.09379331  0.          0.15145396  0.04376065  0.         -0.
   0.          0.         -0.          0.        ]
 [ 0.         -0.          0.00520943  0.53322604 -0.03226489  0.04096487
   0.         -0.         -0.          0.24527309]
 [ 0.         -0.02673135  0.         -0.00986572  0.1154089  -0.
  -0.0298955  -0.          0.09318098  0.        ]
 [ 0.         -0.         -0.          0.09240603 -0.          0.31530415
  -0.          0.          0.          0.0515686 ]
 [ 0.          0.          0.          0.         -0.0029892  -0.
   0.         -0.          0.          0.        ]
 [ 0.          0.          0.         -0.         -0.          0.
  -0.          0.09562401  0.         -0.        ]
 [ 0.          0.         -0.         -0.          0.05932787  0.
   0.          0.          0.12818175  0.        ]
 [-0.0481238   0.03285301  0.          0.28308528  0.          0.00916438
   0.         -0.          0.          0.36690314]]

------------

M: 
[[ 1.          0.55059668  0.84098421  0.34360297 -0.1776248   0.63208522
   0.74907448  0.56849372  0.4563126   0.29682743]
 [ 0.55059668  1.          0.60091417 -0.07998865 -0.6996525   0.37572166
   0.91725821  0.84066208  0.39114285 -0.00265517]
 [ 0.84098421  0.60091417  1.          0.43624767 -0.37354981  0.41178264
   0.77651106  0.617399    0.22333027  0.1649139 ]
 [ 0.34360297 -0.07998865  0.43624767  1.          0.12029695  0.26995633
   0.11583581 -0.04195108 -0.02801253  0.50961284]
 [-0.1776248  -0.6996525  -0.37354981  0.12029695  1.          0.10162833
  -0.65263545 -0.70715195  0.26824312  0.50518046]
 [ 0.63208522  0.37572166  0.41178264  0.26995633  0.10162833  1.
   0.47389629  0.3657929   0.67565077  0.5460959 ]
 [ 0.74907448  0.91725821  0.77651106  0.11583581 -0.65263545  0.47389629
   1.          0.87523089  0.41915428  0.06701905]
 [ 0.56849372  0.84066208  0.617399   -0.04195108 -0.70715195  0.3657929
   0.87523089  1.          0.31882824 -0.12682615]
 [ 0.4563126   0.39114285  0.22333027 -0.02801253  0.26824312  0.67565077
   0.41915428  0.31882824  1.          0.52297999]
 [ 0.29682743 -0.00265517  0.1649139   0.50961284  0.50518046  0.5460959
   0.06701905 -0.12682615  0.52297999  1.        ]]

Relative Error of L : 1.0756565011133559
Relative Error of S: 6.331247259136559
