DENISE trained 300 epochs with 800000 10x10 rank 3 matrices.
DENISE: 

L: 
 [[ 1.5953537e-02  4.7733769e-02 -3.5319463e-03 -6.5613971e-03
  -1.9544040e-01 -7.0765968e-03  5.0610755e-02 -3.1745341e-03
  -5.4194923e-03  2.4604698e-04]
 [ 4.7733769e-02  2.7030151e+00 -1.5714003e-02 -1.8488651e-03
   2.8044514e-02 -1.2102104e-02  2.3825052e-03  7.7886052e-02
   3.1572793e-02 -7.6775156e-02]
 [-3.5319463e-03 -1.5714003e-02  4.1803280e-03  1.7720597e-03
   5.2611034e-02  5.4178468e-04 -1.2914672e-02  1.1305433e-03
   8.8726744e-02  3.0228656e-04]
 [-6.5613971e-03 -1.8488651e-03  1.7720597e-03  2.8593396e-03
   8.5746206e-02  2.8679527e-03 -2.2061234e-02  1.9758567e-03
   1.1746701e-02 -6.1852351e-04]
 [-1.9544040e-01  2.8044514e-02  5.2611034e-02  8.5746206e-02
   2.5739491e+00  8.5722007e-02 -6.6196042e-01  6.1689630e-02
   3.5130963e-01 -2.0940265e-02]
 [-7.0765968e-03 -1.2102104e-02  5.4178468e-04  2.8679527e-03
   8.5722007e-02  3.4702499e-03 -2.2380710e-02  1.5384909e-03
  -2.3461489e-02 -4.4349075e-04]
 [ 5.0610755e-02  2.3825052e-03 -1.2914672e-02 -2.2061234e-02
  -6.6196042e-01 -2.2380710e-02  1.7042588e-01 -1.5516013e-02
  -7.1947314e-02  5.1738587e-03]
 [-3.1745341e-03  7.7886052e-02  1.1305433e-03  1.9758567e-03
   6.1689630e-02  1.5384909e-03 -1.5516013e-02  3.7217485e-03
   1.8314512e-02 -2.6587858e-03]
 [-5.4194923e-03  3.1572793e-02  8.8726744e-02  1.1746701e-02
   3.5130963e-01 -2.3461489e-02 -7.1947314e-02  1.8314512e-02
   2.2688727e+00  3.6667313e-03]
 [ 2.4604698e-04 -7.6775156e-02  3.0228656e-04 -6.1852351e-04
  -2.0940265e-02 -4.4349075e-04  5.1738587e-03 -2.6587858e-03
   3.6667313e-03  2.3624147e-03]]

S: 
[[ 0.98404646  0.49230114  0.80255073  0.46444997  0.00872469  0.63313985
   0.68573295  0.55224468  0.43274536  0.31203747]
 [ 0.49230114 -1.70301509  0.66755814  0.08230371 -0.76286747  0.33102794
   0.91943708  0.76436346  0.25441103  0.09594439]
 [ 0.80255073  0.66755814  0.99581967  0.46529611 -0.51612141  0.42319583
   0.81424215  0.67723191  0.08556796  0.10240865]
 [ 0.46444997  0.08230371  0.46529611  0.99714066 -0.00996136  0.46534457
   0.26441125  0.06942457  0.12605851  0.49137336]
 [ 0.00872469 -0.76286747 -0.51612141 -0.00996136 -1.5739491   0.00327441
  -0.02036085 -0.80547918 -0.03113352  0.52867943]
 [ 0.63313985  0.33102794  0.42319583  0.46534457  0.00327441  0.99652975
   0.46840346  0.33256672  0.64928093  0.60864774]
 [ 0.68573295  0.91943708  0.81424215  0.26441125 -0.02036085  0.46840346
   0.82957412  0.89294421  0.41331312  0.06267698]
 [ 0.55224468  0.76436346  0.67723191  0.06942457 -0.80547918  0.33256672
   0.89294421  0.99627825  0.2052204  -0.12914807]
 [ 0.43274536  0.25441103  0.08556796  0.12605851 -0.03113352  0.64928093
   0.41331312  0.2052204  -1.26887274  0.61674047]
 [ 0.31203747  0.09594439  0.10240865  0.49137336  0.52867943  0.60864774
   0.06267698 -0.12914807  0.61674047  0.99763759]]

------------

pcp: 

L: 
[[ 0.78969591  0.54053612  0.73406125  0.45881233 -0.20832384  0.62530761
   0.71208057  0.54852509  0.42780832  0.36686651]
 [ 0.54051662  0.89824929  0.64990921  0.08232694 -0.7141025   0.31724774
   0.91995993  0.84373688  0.2867889  -0.0369863 ]
 [ 0.73402861  0.64992262  0.82417201  0.42130103 -0.46416347  0.4229453
   0.80283289  0.64779415  0.17471329  0.10298951]
 [ 0.45880657  0.08231587  0.42133017  0.48047381  0.07568782  0.39565621
   0.23842839  0.07298879  0.13788889  0.33917017]
 [-0.20835295 -0.71402742 -0.46416606  0.07568267  0.90712517  0.08924919
  -0.67468502 -0.74324491  0.19818842  0.49920848]
 [ 0.62531131  0.31722088  0.42293758  0.39567351  0.08924362  0.72685234
   0.44913892  0.30342348  0.62549287  0.6083081 ]
 [ 0.71206255  0.9199804   0.80284994  0.2384092  -0.67472133  0.44911505
   1.00050067  0.8759606   0.33858653  0.06893196]
 [ 0.54854152  0.84372136  0.64778099  0.07298899 -0.7432475   0.30345348
   0.87595297  0.87675577  0.22512386 -0.13338666]
 [ 0.42781102  0.28680324  0.17470339  0.13789323  0.19818713  0.62549229
   0.33860546  0.22509591  0.75270589  0.62044644]
 [ 0.36692492 -0.03707237  0.10300234  0.33913046  0.49926567  0.60831042
   0.06889157 -0.13335699  0.62045265  0.77083731]]

S: 
[[ 0.21030409 -0.          0.06495754  0.          0.02160813  0.
   0.02426314  0.          0.         -0.05458299]
 [-0.          0.10175071  0.         -0.         -0.02072046 -0.
   0.00185965  0.          0.          0.05615553]
 [ 0.06499018  0.          0.17582799  0.04576714  0.         -0.
   0.          0.0305683  -0.          0.        ]
 [ 0.         -0.          0.045738    0.51952619 -0.          0.07255632
   0.         -0.         -0.          0.15158467]
 [ 0.02163725 -0.02079553  0.         -0.          0.09287483 -0.
  -0.00763626 -0.          0.12198768  0.00853068]
 [ 0.         -0.         -0.          0.07253901 -0.          0.27314766
  -0.          0.03068173  0.          0.        ]
 [ 0.02428116  0.00183918  0.          0.         -0.00759995 -0.
   0.         -0.          0.          0.        ]
 [ 0.          0.          0.03058146 -0.         -0.          0.03065173
  -0.          0.12324423  0.         -0.        ]
 [ 0.          0.         -0.         -0.          0.12198897  0.
   0.          0.          0.24729411  0.        ]
 [-0.05464141  0.05624161  0.          0.15162438  0.0084735   0.
   0.         -0.          0.          0.22916269]]

------------

M: 
[[ 1.          0.54003491  0.79901879  0.45788858 -0.18671571  0.62606325
   0.73634371  0.54907015  0.42732587  0.31228352]
 [ 0.54003491  1.          0.65184413  0.08045484 -0.73482296  0.31892584
   0.92181958  0.84224951  0.28598382  0.01916924]
 [ 0.79901879  0.65184413  1.          0.46706817 -0.46351037  0.42373762
   0.80132748  0.67836245  0.1742947   0.10271093]
 [ 0.45788858  0.08045484  0.46706817  1.          0.07578485  0.46821252
   0.24235002  0.07140043  0.13780521  0.49075483]
 [-0.18671571 -0.73482296 -0.46351037  0.07578485  1.          0.08899641
  -0.68232128 -0.74378955  0.3201761   0.50773916]
 [ 0.62606325  0.31892584  0.42373762  0.46821252  0.08899641  1.
   0.44602275  0.33410521  0.62581944  0.60820425]
 [ 0.73634371  0.92181958  0.80132748  0.24235002 -0.68232128  0.44602275
   1.          0.87742819  0.34136581  0.06785084]
 [ 0.54907015  0.84224951  0.67836245  0.07140043 -0.74378955  0.33410521
   0.87742819  1.          0.22353491 -0.13180685]
 [ 0.42732587  0.28598382  0.1742947   0.13780521  0.3201761   0.62581944
   0.34136581  0.22353491  1.          0.6204072 ]
 [ 0.31228352  0.01916924  0.10271093  0.49075483  0.50773916  0.60820425
   0.06785084 -0.13180685  0.6204072   1.        ]]

Relative Error of L : 1.0830484346103202
Relative Error of S: 7.002182834987243
