DENISE trained 300 epochs with 800000 10x10 rank 3 matrices.
DENISE: 

L: 
 [[ 1.42043710e-01  6.60455003e-02  1.11545390e-02 -4.45507504e-02
   6.01275384e-01  1.02728330e-01 -3.04666292e-02  1.63646694e-02
   8.76551494e-02 -5.04242722e-03]
 [ 6.60455003e-02  2.70075703e+00 -1.91092417e-02 -7.30166491e-03
   3.01597845e-02 -9.27261636e-03  1.39998505e-02  7.90320039e-02
   3.29944901e-02 -6.99031800e-02]
 [ 1.11545390e-02 -1.91092417e-02  5.99086890e-03 -3.21743637e-03
   5.94175532e-02  6.85765175e-03 -3.57493223e-03  2.06745951e-03
   1.11708671e-01  2.35554500e-04]
 [-4.45507504e-02 -7.30166491e-03 -3.21743637e-03  1.40735339e-02
  -1.89019561e-01 -3.26487422e-02  9.62078664e-03 -4.65585757e-03
  -1.89019945e-02  1.24351657e-03]
 [ 6.01275384e-01  3.01597845e-02  5.94175532e-02 -1.89019561e-01
   2.58866596e+00  4.36672658e-01 -1.33476481e-01  6.55067638e-02
   5.84339380e-01 -1.49999345e-02]
 [ 1.02728330e-01 -9.27261636e-03  6.85765175e-03 -3.26487422e-02
   4.36672658e-01  7.61237517e-02 -2.23085359e-02  9.80357733e-03
   2.65602153e-02 -2.20950297e-03]
 [-3.04666292e-02  1.39998505e-02 -3.57493223e-03  9.62078664e-03
  -1.33476481e-01 -2.23085359e-02  7.00709736e-03 -3.02764098e-03
  -3.87070104e-02  3.65698826e-04]
 [ 1.63646694e-02  7.90320039e-02  2.06745951e-03 -4.65585757e-03
   6.55067638e-02  9.80357733e-03 -3.02764098e-03  4.21507144e-03
   4.05491590e-02 -2.38319021e-03]
 [ 8.76551494e-02  3.29944901e-02  1.11708671e-01 -1.89019945e-02
   5.84339380e-01  2.65602153e-02 -3.87070104e-02  4.05491590e-02
   2.29642773e+00 -2.55586486e-03]
 [-5.04242722e-03 -6.99031800e-02  2.35554500e-04  1.24351657e-03
  -1.49999345e-02 -2.20950297e-03  3.65698826e-04 -2.38319021e-03
  -2.55586486e-03  1.88845454e-03]]

S: 
[[ 0.85795629  0.38033598  0.62607146 -0.20542289  0.00615415  0.72423352
   0.44501145  0.34227492  0.64355426  0.36100035]
 [ 0.38033598 -1.70075703  0.27478361 -0.67959857 -0.04063412  0.67779787
   0.73169967  0.68764686  0.75787574 -0.03481172]
 [ 0.62607146  0.27478361  0.99400913  0.08307694  0.32342987  0.59525711
   0.40650627  0.28904867  0.2888233   0.36485124]
 [-0.20542289 -0.67959857  0.08307694  0.98592647 -0.00872291 -0.38978153
  -0.19959377 -0.4529121  -0.695069    0.51296084]
 [ 0.00615415 -0.04063412  0.32342987 -0.00872291 -1.58866596  0.00610666
  -0.01913998 -0.25082743 -0.03400713  0.40146321]
 [ 0.72423352  0.67779787  0.59525711 -0.38978153  0.00610666  0.92387625
   0.66675447  0.5402056   0.78274245  0.26455741]
 [ 0.44501145  0.73169967  0.40650627 -0.19959377 -0.01913998  0.66675447
   0.9929929   0.78932085  0.58349929  0.22182387]
 [ 0.34227492  0.68764686  0.28904867 -0.4529121  -0.25082743  0.5402056
   0.78932085  0.99578493  0.52101627 -0.1668779 ]
 [ 0.64355426  0.75787574  0.2888233  -0.695069   -0.03400713  0.78274245
   0.58349929  0.52101627 -1.29642773  0.06742292]
 [ 0.36100035 -0.03481172  0.36485124  0.51296084  0.40146321  0.26455741
   0.22182387 -0.1668779   0.06742292  0.99811155]]

------------

pcp: 

L: 
[[ 0.84280667  0.4474799   0.6374998  -0.24940156  0.60812271  0.81611189
   0.43106766  0.35749501  0.70181591  0.3539763 ]
 [ 0.44747735  0.90891059  0.25449498 -0.67309013 -0.01033488  0.66962185
   0.74748661  0.76498219  0.78962963 -0.10594087]
 [ 0.63750013  0.25449482  0.5640838   0.04500688  0.38101402  0.60271916
   0.40216115  0.26550716  0.40177884  0.36626024]
 [-0.24940321 -0.67308328  0.04499897  0.92018819 -0.17101077 -0.39586914
  -0.18998032 -0.4569675  -0.71460418  0.32929512]
 [ 0.60812245 -0.01033552  0.38101377 -0.17100752  0.82303006  0.44290742
  -0.15139896 -0.18618125  0.43415786  0.34918997]
 [ 0.81611087  0.66962113  0.60272023 -0.39586616  0.4429064   0.87099714
   0.64370846  0.55066143  0.80803115  0.26290512]
 [ 0.4310667   0.74748695  0.40216067 -0.18998078 -0.1513986   0.64370847
   0.90020295  0.73415625  0.54369127  0.1165361 ]
 [ 0.35749596  0.76498256  0.26551171 -0.45696677 -0.18618164  0.55066241
   0.73415951  0.76734228  0.56429932 -0.12426633]
 [ 0.70181109  0.789628    0.40177855 -0.71460563  0.43415352  0.80803007
   0.54369214  0.56430061  0.92761327  0.06634646]
 [ 0.35397692 -0.10594096  0.36625955  0.32930322  0.34918782  0.26290525
   0.11653744 -0.12426747  0.06634608  0.43537229]]

S: 
[[ 0.15719333 -0.          0.          0.          0.          0.01084996
  -0.01652284  0.          0.0293935   0.        ]
 [-0.          0.09108941  0.         -0.0138101  -0.          0.
   0.         -0.          0.          0.        ]
 [ 0.          0.          0.4359162   0.03485263  0.          0.
  -0.          0.02560898 -0.         -0.        ]
 [ 0.         -0.01381695  0.03486054  0.07981181 -0.0267317  -0.02656113
   0.         -0.         -0.          0.18490923]
 [ 0.         -0.          0.         -0.02673495  0.17696994  0.
  -0.         -0.          0.11617439  0.03727331]
 [ 0.01085098  0.          0.         -0.02656411  0.          0.12900286
   0.         -0.         -0.          0.        ]
 [-0.01652188  0.         -0.          0.         -0.          0.
   0.09979705  0.05213696  0.          0.10565347]
 [ 0.         -0.          0.02560443 -0.         -0.         -0.
   0.0521337   0.23265772 -0.         -0.04499476]
 [ 0.02939832  0.         -0.         -0.          0.11617873 -0.
   0.         -0.          0.07238673 -0.        ]
 [ 0.          0.         -0.          0.18490114  0.03727546  0.
   0.10565212 -0.04499362 -0.          0.56462771]]

------------

M: 
[[ 1.          0.44638148  0.637226   -0.24997364  0.60742954  0.82696185
   0.41454482  0.35863958  0.73120941  0.35595793]
 [ 0.44638148  1.          0.25567437 -0.68690023 -0.01047434  0.66852526
   0.74569953  0.76667886  0.79087023 -0.1047149 ]
 [ 0.637226    0.25567437  1.          0.07985951  0.38284743  0.60211476
   0.40293134  0.29111613  0.40053197  0.36508679]
 [-0.24997364 -0.68690023  0.07985951  1.         -0.19774247 -0.42243027
  -0.18997298 -0.45756796 -0.71397099  0.51420435]
 [ 0.60742954 -0.01047434  0.38284743 -0.19774247  1.          0.44277932
  -0.15261646 -0.18532066  0.55033225  0.38646328]
 [ 0.82696185  0.66852526  0.60211476 -0.42243027  0.44277932  1.
   0.64444594  0.55000918  0.80930267  0.2623479 ]
 [ 0.41454482  0.74569953  0.40293134 -0.18997298 -0.15261646  0.64444594
   1.          0.78629321  0.54479228  0.22218957]
 [ 0.35863958  0.76667886  0.29111613 -0.45756796 -0.18532066  0.55000918
   0.78629321  1.          0.56156543 -0.16926109]
 [ 0.73120941  0.79087023  0.40053197 -0.71397099  0.55033225  0.80930267
   0.54479228  0.56156543  1.          0.06486705]
 [ 0.35595793 -0.1047149   0.36508679  0.51420435  0.38646328  0.2623479
   0.22218957 -0.16926109  0.06486705  1.        ]]

Relative Error of L : 1.043976782882297
Relative Error of S: 6.1471303994883995
