DENISE trained 300 epochs with 800000 10x10 rank 3 matrices.
DENISE: 

L: 
 [[ 9.0808328e-03  4.8438516e-02 -2.5911871e-03 -8.0909152e-03
  -1.4373714e-01 -7.6374463e-03  3.3315677e-02 -1.9099953e-03
  -3.1730036e-05 -1.9214900e-04]
 [ 4.8438516e-02  2.7029958e+00 -1.6130485e-02 -1.1462050e-03
   2.7058864e-02 -1.1544986e-02  4.6695154e-03  7.7728927e-02
   3.0557252e-02 -7.5680807e-02]
 [-2.5911871e-03 -1.6130485e-02  3.7792607e-03  2.7791983e-03
   5.1042236e-02  1.3428527e-03 -1.1458533e-02  1.0709568e-03
   8.2920186e-02  3.2857063e-04]
 [-8.0909152e-03 -1.1462050e-03  2.7791983e-03  8.0165835e-03
   1.4351940e-01  7.1707447e-03 -3.3012945e-02  3.3149547e-03
   1.4485477e-02 -1.0776629e-03]
 [-1.4373714e-01  2.7058864e-02  5.1042236e-02  1.4351940e-01
   2.5711365e+00  1.2750001e-01 -5.9103346e-01  6.0940031e-02
   3.0472893e-01 -2.0478485e-02]
 [-7.6374463e-03 -1.1544986e-02  1.3428527e-03  7.1707447e-03
   1.2750001e-01  6.9875289e-03 -2.9523386e-02  2.4941722e-03
  -2.1692233e-02 -7.8407273e-04]
 [ 3.3315677e-02  4.6695154e-03 -1.1458533e-02 -3.3012945e-02
  -5.9103346e-01 -2.9523386e-02  1.3595007e-01 -1.3654638e-02
  -6.0050346e-02  4.4379984e-03]
 [-1.9099953e-03  7.7728927e-02  1.0709568e-03  3.3149547e-03
   6.0940031e-02  2.4941722e-03 -1.3654638e-02  3.6856297e-03
   1.7738953e-02 -2.6037316e-03]
 [-3.1730036e-05  3.0557252e-02  8.2920186e-02  1.4485477e-02
   3.0472893e-01 -2.1692233e-02 -6.0050346e-02  1.7738953e-02
   2.2649562e+00  4.6114149e-03]
 [-1.9214900e-04 -7.5680807e-02  3.2857063e-04 -1.0776629e-03
  -2.0478485e-02 -7.8407273e-04  4.4379984e-03 -2.6037316e-03
   4.6114149e-03  2.2975691e-03]]

S: 
[[ 0.99091917  0.49632209  0.84072212  0.27602827  0.00919119  0.64103768
   0.71474822  0.56217792  0.46647321  0.2888696 ]
 [ 0.49632209 -1.70299578  0.62815839 -0.17833906 -0.68986439  0.42005701
   0.90946785  0.76599435  0.41469011  0.04681202]
 [ 0.84072212  0.62815839  0.99622074  0.31140419 -0.39483323  0.43472386
   0.79414476  0.62523912  0.19244791  0.13893499]
 [ 0.27602827 -0.17833906  0.31140419  0.99198342 -0.01094309  0.13436477
   0.08009087 -0.13747267 -0.17387067  0.52659852]
 [ 0.00919119 -0.68986439 -0.39483323 -0.01094309 -1.57113647  0.00393223
  -0.02021594 -0.72444697 -0.03075228  0.52801034]
 [ 0.64103768  0.42005701  0.43472386  0.13436477  0.00393223  0.99301247
   0.51431566  0.38854254  0.72327168  0.494056  ]
 [ 0.71474822  0.90946785  0.79414476  0.08009087 -0.02021594  0.51431566
   0.86404993  0.87763796  0.50475765  0.06440785]
 [ 0.56217792  0.76599435  0.62523912 -0.13747267 -0.72444697  0.38854254
   0.87763796  0.99631437  0.35226533 -0.13945123]
 [ 0.46647321  0.41469011  0.19244791 -0.17387067 -0.03075228  0.72327168
   0.50475765  0.35226533 -1.26495624  0.43167653]
 [ 0.2888696   0.04681202  0.13893499  0.52659852  0.52801034  0.494056
   0.06440785 -0.13945123  0.43167653  0.99770243]]

------------

pcp: 

L: 
[[ 0.48332982  0.53139303  0.38504102  0.02576012 -0.14245929  0.50611355
   0.53616849  0.4777723   0.52628251  0.29423031]
 [ 0.60473358  0.94991659  0.66693062 -0.06858794 -0.65326051  0.45591409
   0.94683036  0.88403134  0.47144699  0.04753146]
 [ 0.43074074  0.62185017  0.45968934  0.03799263 -0.37134597  0.35691827
   0.6344105   0.52076514  0.34589068  0.16167816]
 [ 0.07087755 -0.0458772   0.04730347  0.28540497  0.19496462  0.14458908
   0.00464205 -0.24432889  0.06732724  0.41584295]
 [-0.13208379 -0.60067225 -0.37617584  0.23722651  0.80126145  0.14270047
  -0.57145291 -0.65441179  0.1231632   0.51350181]
 [ 0.64895512  0.51656641  0.41665996  0.19635085  0.14058103  0.79947605
   0.54700855  0.37012804  0.80055846  0.70695576]
 [ 0.66966934  0.98637875  0.71868078  0.02302529 -0.61114779  0.54352295
   0.99966721  0.85256953  0.53604626  0.20074835]
 [ 0.50119948  0.87464059  0.55511433 -0.26923664 -0.69427496  0.32858747
   0.83429232  0.96544272  0.40291857 -0.23700317]
 [ 0.59110881  0.46824923  0.34530535  0.07038993  0.12745138  0.73267929
   0.47497142  0.42216952  0.77253077  0.53924902]
 [ 0.33779324  0.01346605  0.11283768  0.39907268  0.50710195  0.5692635
   0.07727434 -0.22888187  0.50520203  0.85797889]]

S: 
[[ 5.16670182e-01 -0.00000000e+00  4.53089909e-01  0.00000000e+00
   0.00000000e+00  1.21402756e-01  7.28879684e-02  0.00000000e+00
   0.00000000e+00 -0.00000000e+00]
 [-0.00000000e+00  5.00834092e-02  0.00000000e+00 -1.10897321e-01
  -9.54500955e-03  0.00000000e+00  0.00000000e+00 -0.00000000e+00
   0.00000000e+00  0.00000000e+00]
 [ 4.07390192e-01  0.00000000e+00  5.40310664e-01  2.56815425e-01
   0.00000000e+00 -0.00000000e+00  0.00000000e+00  0.00000000e+00
  -0.00000000e+00  0.00000000e+00]
 [ 0.00000000e+00 -1.33608058e-01  2.66879921e-01  7.14595031e-01
  -6.23883150e-02  0.00000000e+00 -0.00000000e+00 -0.00000000e+00
  -2.26712432e-01  1.09677914e-01]
 [ 0.00000000e+00 -0.00000000e+00  0.00000000e+00 -0.00000000e+00
   1.98738548e-01 -0.00000000e+00 -0.00000000e+00 -0.00000000e+00
   1.50813437e-01  0.00000000e+00]
 [ 0.00000000e+00  0.00000000e+00 -0.00000000e+00  0.00000000e+00
  -0.00000000e+00  2.00523952e-01 -4.69830623e-02  2.09086713e-02
   0.00000000e+00  0.00000000e+00]
 [ 7.83945570e-02  0.00000000e+00  0.00000000e+00 -0.00000000e+00
  -1.01602914e-04 -0.00000000e+00  0.00000000e+00 -0.00000000e+00
   0.00000000e+00  0.00000000e+00]
 [ 0.00000000e+00 -0.00000000e+00  0.00000000e+00 -0.00000000e+00
  -0.00000000e+00  6.24492421e-02 -0.00000000e+00  3.45572776e-02
   0.00000000e+00 -0.00000000e+00]
 [ 0.00000000e+00  0.00000000e+00 -0.00000000e+00 -2.29775120e-01
   1.46525259e-01  0.00000000e+00  0.00000000e+00  0.00000000e+00
   2.27469230e-01  0.00000000e+00]
 [-0.00000000e+00  0.00000000e+00  0.00000000e+00  1.26448178e-01
   0.00000000e+00  0.00000000e+00  0.00000000e+00 -0.00000000e+00
   0.00000000e+00  1.42021115e-01]]

------------

M: 
[[ 1.          0.5447606   0.83813093  0.26793735 -0.13454595  0.63340024
   0.7480639   0.56026792  0.46644148  0.28867745]
 [ 0.5447606   1.          0.61202791 -0.17948526 -0.66280552  0.40851202
   0.91413736  0.84372327  0.44524736 -0.02886879]
 [ 0.83813093  0.61202791  1.          0.31418339 -0.343791    0.43606672
   0.78268622  0.62631008  0.27536809  0.13926356]
 [ 0.26793735 -0.17948526  0.31418339  1.          0.13257631  0.14153551
   0.04707792 -0.13415772 -0.15938519  0.52552086]
 [-0.13454595 -0.66280552 -0.343791    0.13257631  1.          0.13143224
  -0.61124939 -0.66350694  0.27397664  0.50753185]
 [ 0.63340024  0.40851202  0.43606672  0.14153551  0.13143224  1.
   0.48479228  0.39103671  0.70157944  0.49327193]
 [ 0.7480639   0.91413736  0.78268622  0.04707792 -0.61124939  0.48479228
   1.          0.86398332  0.44470731  0.06884584]
 [ 0.56026792  0.84372327  0.62631008 -0.13415772 -0.66350694  0.39103671
   0.86398332  1.          0.37000428 -0.14205496]
 [ 0.46644148  0.44524736  0.27536809 -0.15938519  0.27397664  0.70157944
   0.44470731  0.37000428  1.          0.43628795]
 [ 0.28867745 -0.02886879  0.13926356  0.52552086  0.50753185  0.49327193
   0.06884584 -0.14205496  0.43628795  1.        ]]

Relative Error of L : 1.095200168824089
Relative Error of S: 3.9589304360934983
