DENISE trained 300 epochs with 800000 10x10 rank 3 matrices.
DENISE: 

L: 
 [[ 1.89957712e-02  5.62658571e-02  3.89558659e-03  8.28450639e-03
   2.14677453e-01  1.83530468e-02 -2.85171848e-02  6.66517531e-03
   2.65959129e-02 -3.01772612e-03]
 [ 5.62658571e-02  2.70244455e+00 -1.80543158e-02 -2.50839558e-03
   2.73952857e-02 -1.16570750e-02  1.07884761e-02  7.86616802e-02
   3.03667579e-02 -7.28121996e-02]
 [ 3.89558659e-03 -1.80543158e-02  4.26886929e-03  2.06769607e-03
   5.35219237e-02  3.07163433e-03 -7.26262480e-03  1.33776071e-03
   8.95483419e-02  3.26148554e-04]
 [ 8.28450639e-03 -2.50839558e-03  2.06769607e-03  3.90246441e-03
   1.00156866e-01  8.68352316e-03 -1.34581989e-02  2.28958274e-03
   1.35347359e-02 -6.31419243e-04]
 [ 2.14677453e-01  2.73952857e-02  5.35219237e-02  1.00156866e-01
   2.57398796e+00  2.22134382e-01 -3.45371932e-01  6.16919659e-02
   3.76223415e-01 -1.86242536e-02]
 [ 1.83530468e-02 -1.16570750e-02  3.07163433e-03  8.68352316e-03
   2.22134382e-01  2.01355051e-02 -2.98906006e-02  4.59746085e-03
  -1.21427467e-02 -1.34609803e-03]
 [-2.85171848e-02  1.07884761e-02 -7.26262480e-03 -1.34581989e-02
  -3.45371932e-01 -2.98906006e-02  4.64187674e-02 -7.85651244e-03
  -4.98386919e-02  2.11156881e-03]
 [ 6.66517531e-03  7.86616802e-02  1.33776071e-03  2.28958274e-03
   6.16919659e-02  4.59746085e-03 -7.85651244e-03  3.84642533e-03
   2.58102082e-02 -2.50089983e-03]
 [ 2.65959129e-02  3.03667579e-02  8.95483419e-02  1.35347359e-02
   3.76223415e-01 -1.21427467e-02 -4.98386919e-02  2.58102082e-02
   2.27111363e+00  2.32999749e-03]
 [-3.01772612e-03 -7.28121996e-02  3.26148554e-04 -6.31419243e-04
  -1.86242536e-02 -1.34609803e-03  2.11156881e-03 -2.50089983e-03
   2.32999749e-03  2.10106210e-03]]

S: 
[[ 0.98100423  0.27913884  0.74447414  0.09525767  0.00794957  0.63843707
   0.62279757  0.35584788  0.42226245  0.38701273]
 [ 0.27913884 -1.70244455  0.41037174 -0.51530925 -0.45991534  0.53431285
   0.85501115  0.72036212  0.59111255 -0.04325543]
 [ 0.74447414  0.41037174  0.99573113  0.14858986 -0.03393296  0.5076631
   0.60182322  0.45478221  0.20698603  0.24289048]
 [ 0.09525767 -0.51530925  0.14858986  0.99609754 -0.01135363 -0.20362303
  -0.16012199 -0.36086301 -0.55670683  0.58448716]
 [ 0.00794957 -0.45991534 -0.03393296 -0.01135363 -1.57398796  0.00467813
  -0.02027714 -0.54392306 -0.03184242  0.48453439]
 [ 0.63843707  0.53431285  0.5076631  -0.20362303  0.00467813  0.97986449
   0.64785863  0.46753099  0.75069716  0.3300931 ]
 [ 0.62279757  0.85501115  0.60182322 -0.16012199 -0.02027714  0.64785863
   0.95358123  0.83681144  0.60157672  0.13569452]
 [ 0.35584788  0.72036212  0.45478221 -0.36086301 -0.54392306  0.46753099
   0.83681144  0.99615357  0.44138423 -0.18768146]
 [ 0.42226245  0.59111255  0.20698603 -0.55670683 -0.03184242  0.75069716
   0.60157672  0.44138423 -1.27111363  0.14194614]
 [ 0.38701273 -0.04325543  0.24289048  0.58448716  0.48453439  0.3300931
   0.13569452 -0.18768146  0.14194614  0.99789894]]

------------

pcp: 

L: 
[[ 0.7158587   0.3410398   0.59101756  0.09469131  0.22998616  0.64795917
   0.58779125  0.35417746  0.45612552  0.37659804]
 [ 0.34195511  0.85635101  0.35393418 -0.45865844 -0.37899218  0.5112769
   0.83282156  0.79173189  0.62448166 -0.11482393]
 [ 0.58978482  0.35973686  0.53711016  0.11047249  0.00704131  0.5016451
   0.59315736  0.4161431   0.30405777  0.23521767]
 [ 0.09025605 -0.45969409  0.10866411  0.69699343  0.08243925 -0.21617873
  -0.17466542 -0.36837355 -0.54402133  0.26854469]
 [ 0.23044393 -0.38246173  0.01127469  0.08033888  0.81828639  0.24316522
  -0.35782105 -0.47326016  0.23415127  0.4337401 ]
 [ 0.62900031  0.50360231  0.48384525 -0.21941634  0.23915563  0.71241204
   0.60260216  0.43997019  0.69514131  0.27712576]
 [ 0.58405298  0.83851279  0.58547144 -0.168246   -0.36397517  0.6136891
   1.00251282  0.81588452  0.54219361  0.06821494]
 [ 0.35099643  0.78860361  0.41150464 -0.3675522  -0.47325155  0.44734215
   0.81051207  0.84966209  0.46752981 -0.19424001]
 [ 0.46021582  0.62295913  0.30434299 -0.54019405  0.23471869  0.70416659
   0.54640819  0.47068041  0.8865459   0.14748455]
 [ 0.37472452 -0.11531919  0.23253183  0.27048974  0.43568065  0.28426624
   0.06720196 -0.19367891  0.14567512  0.4404159 ]]

S: 
[[ 0.2841413  -0.          0.15735217  0.          0.          0.
   0.          0.          0.         -0.        ]
 [-0.          0.14364899  0.03838324 -0.0591592  -0.05352787  0.
   0.03297807 -0.          0.          0.        ]
 [ 0.15858491  0.03258056  0.46288984  0.04018506  0.01254766  0.
  -0.          0.03997687 -0.         -0.        ]
 [ 0.         -0.05812355  0.04199345  0.30300657 -0.          0.
   0.         -0.         -0.          0.31531105]
 [ 0.         -0.05005833  0.00831427 -0.          0.18171361 -0.
  -0.         -0.          0.11022972  0.03217003]
 [ 0.          0.          0.          0.         -0.          0.28758796
  -0.          0.02581671  0.0434131   0.05162124]
 [ 0.          0.02728684 -0.          0.         -0.         -0.
   0.          0.          0.          0.06959116]
 [ 0.         -0.          0.04461533 -0.         -0.          0.0247863
   0.          0.15033791 -0.         -0.        ]
 [ 0.          0.         -0.         -0.          0.1096623   0.03438782
   0.         -0.          0.1134541  -0.        ]
 [-0.          0.         -0.          0.313366    0.03022948  0.04448076
   0.07060413 -0.         -0.          0.5595841 ]]

------------

M: 
[[ 1.          0.3354047   0.74836973  0.10354217  0.22262703  0.65679011
   0.59428038  0.36251306  0.44885837  0.383995  ]
 [ 0.3354047   1.          0.39231742 -0.51781764 -0.43252006  0.52265578
   0.86579963  0.7990238   0.62147931 -0.11606763]
 [ 0.74836973  0.39231742  1.          0.15065756  0.01958896  0.51073473
   0.59456059  0.45611997  0.29653437  0.24321663]
 [ 0.10354217 -0.51781764  0.15065756  1.          0.08880323 -0.19493951
  -0.17358018 -0.35857343 -0.54317209  0.58385574]
 [ 0.22262703 -0.43252006  0.01958896  0.08880323  1.          0.22681251
  -0.36564907 -0.48223109  0.34438099  0.46591013]
 [ 0.65679011  0.52265578  0.51073473 -0.19493951  0.22681251  1.
   0.61796803  0.47212845  0.73855441  0.328747  ]
 [ 0.59428038  0.86579963  0.59456059 -0.17358018 -0.36564907  0.61796803
   1.          0.82895493  0.55173803  0.13780609]
 [ 0.36251306  0.7990238   0.45611997 -0.35857343 -0.48223109  0.47212845
   0.82895493  1.          0.46719443 -0.19018236]
 [ 0.44885837  0.62147931  0.29653437 -0.54317209  0.34438099  0.73855441
   0.55173803  0.46719443  1.          0.14427614]
 [ 0.383995   -0.11606763  0.24321663  0.58385574  0.46591013  0.328747
   0.13780609 -0.19018236  0.14427614  1.        ]]

Relative Error of L : 1.109268847867913
Relative Error of S: 4.946659228008407
