DENISE trained 300 epochs with 800000 10x10 rank 3 matrices.
DENISE: 

L: 
 [[ 1.06996655e-01  6.35873675e-02  9.67674889e-03 -1.31429089e-02
   5.21144807e-01  6.69805929e-02 -4.17984687e-02  1.42161427e-02
   6.41474947e-02 -4.95657092e-03]
 [ 6.35873675e-02  2.70141029e+00 -1.91603899e-02 -5.24827978e-03
   2.90633179e-02 -1.09832315e-02  1.33362748e-02  7.93419629e-02
   3.15039307e-02 -7.12707862e-02]
 [ 9.67674889e-03 -1.91603899e-02  5.09109348e-03 -9.26607463e-04
   5.67501523e-02  5.01466310e-03 -4.91276011e-03  1.72958418e-03
   1.00401297e-01  3.00311425e-04]
 [-1.31429089e-02 -5.24827978e-03 -9.26607463e-04  1.63740735e-03
  -6.37825355e-02 -8.38540960e-03  5.11534838e-03 -1.59855338e-03
  -1.09754398e-03  5.50977362e-04]
 [ 5.21144807e-01  2.90633179e-02  5.67501523e-02 -6.37825355e-02
   2.58017063e+00  3.28925997e-01 -2.08970353e-01  6.37159422e-02
   4.79126602e-01 -1.67503953e-02]
 [ 6.69805929e-02 -1.09832315e-02  5.01466310e-03 -8.38540960e-03
   3.28925997e-01  4.34773043e-02 -2.65984964e-02  7.12573621e-03
   4.25114715e-03 -1.84180134e-03]
 [-4.17984687e-02  1.33362748e-02 -4.91276011e-03  5.11534838e-03
  -2.08970353e-01 -2.65984964e-02  1.70268193e-02 -4.75298520e-03
  -4.35605720e-02  9.35678021e-04]
 [ 1.42161427e-02  7.93419629e-02  1.72958418e-03 -1.59855338e-03
   6.37159422e-02  7.12573621e-03 -4.75298520e-03  4.08330979e-03
   3.46198715e-02 -2.44660559e-03]
 [ 6.41474947e-02  3.15039307e-02  1.00401297e-01 -1.09754398e-03
   4.79126602e-01  4.25114715e-03 -4.35605720e-02  3.46198715e-02
   2.28239298e+00 -2.00896524e-04]
 [-4.95657092e-03 -7.12707862e-02  3.00311425e-04  5.50977362e-04
  -1.67503953e-02 -1.84180134e-03  9.35678021e-04 -2.44660559e-03
  -2.00896524e-04  1.98524864e-03]]

S: 
[[ 0.89300334  0.25448754  0.6171206  -0.06632989  0.00699407  0.73471268
   0.48615836  0.26233084  0.58573036  0.43815483]
 [ 0.25448754 -1.70141029  0.28637145 -0.62164319 -0.2233449   0.63485045
   0.79401721  0.68364974  0.71219535 -0.03488481]
 [ 0.6171206   0.28637145  0.99490891  0.12839312  0.18853571  0.58922904
   0.45377635  0.35494418  0.28293846  0.3329132 ]
 [-0.06632989 -0.62164319  0.12839312  0.99836259 -0.01018249 -0.32977432
  -0.20571246 -0.39737161 -0.65190318  0.53685153]
 [ 0.00699407 -0.2233449   0.18853571 -0.01018249 -1.58017063  0.00555791
  -0.01968575 -0.41358774 -0.03322345  0.4456145 ]
 [ 0.73471268  0.63485045  0.58922904 -0.32977432  0.00555791  0.9565227
   0.70171644  0.50567175  0.78058903  0.28968101]
 [ 0.48615836  0.79401721  0.45377635 -0.20571246 -0.01968575  0.70171644
   0.98297318  0.81493727  0.64617355  0.1928929 ]
 [ 0.26233084  0.68364974  0.35494418 -0.39737161 -0.41358774  0.50567175
   0.81493727  0.99591669  0.47981126 -0.17929767]
 [ 0.58573036  0.71219535  0.28293846 -0.65190318 -0.03322345  0.78058903
   0.64617355  0.47981126 -1.28239298  0.09866251]
 [ 0.43815483 -0.03488481  0.3329132   0.53685153  0.4456145   0.28968101
   0.1928929  -0.17929767  0.09866251  0.99801475]]

------------

pcp: 

L: 
[[ 0.84305978  0.3196936   0.62690087 -0.07868269  0.52850203  0.78727883
   0.44440982  0.27528812  0.61277725  0.43181329]
 [ 0.31969326  0.92131687  0.26581974 -0.61238974 -0.19470861  0.62402924
   0.80826174  0.76213753  0.74321565 -0.10667991]
 [ 0.62690201  0.26581826  0.52881284  0.07174558  0.24347617  0.59368537
   0.44792176  0.30645359  0.38617957  0.33397087]
 [-0.07868319 -0.61238668  0.07174321  0.87493433 -0.0738109  -0.33066015
  -0.21141815 -0.39864389 -0.6537618   0.32598988]
 [ 0.52850179 -0.19470861  0.24347586 -0.07381086  0.82969508  0.33543675
  -0.2280454  -0.35001243  0.32097184  0.38661465]
 [ 0.78727836  0.62402818  0.59368596 -0.33065883  0.33543592  0.86089537
   0.67467308  0.51492412  0.78331437  0.28908007]
 [ 0.44440903  0.80826197  0.44792144 -0.21141909 -0.22804548  0.67467383
   0.92145834  0.75228702  0.59257623  0.11651338]
 [ 0.27528818  0.76213794  0.3064543  -0.39864445 -0.35001189  0.51492416
   0.75228659  0.78531348  0.51431841 -0.14873023]
 [ 0.61277217  0.74321666  0.38617822 -0.65376212  0.32096591  0.78331285
   0.59257783  0.51431927  0.89606549  0.09820929]
 [ 0.43181285 -0.10667843  0.33397323  0.32599759  0.38660651  0.28908012
   0.11652035 -0.14872611  0.0982069   0.46723136]]

S: 
[[ 0.15694022 -0.          0.          0.          0.          0.01441444
  -0.          0.          0.0371006   0.        ]
 [-0.          0.07868313  0.         -0.01450173 -0.          0.
   0.         -0.          0.          0.        ]
 [ 0.          0.          0.47118716  0.05572093  0.          0.
  -0.          0.05022017 -0.         -0.        ]
 [ 0.         -0.01450479  0.0557233   0.12506567 -0.         -0.00749958
   0.01082104 -0.         -0.          0.21141263]
 [ 0.         -0.          0.         -0.          0.17030492  0.
  -0.         -0.          0.12493131  0.04224945]
 [ 0.01441491  0.          0.         -0.0075009   0.          0.13910463
   0.         -0.         -0.          0.        ]
 [-0.          0.         -0.          0.01082197 -0.          0.
   0.07854166  0.05789727  0.01003675  0.0773152 ]
 [ 0.         -0.          0.05021946 -0.         -0.         -0.
   0.05789769  0.21468652 -0.         -0.03301404]
 [ 0.03710569  0.         -0.         -0.          0.12493724 -0.
   0.01003515 -0.          0.10393451 -0.        ]
 [ 0.          0.         -0.          0.21140493  0.04225759  0.
   0.07730823 -0.03301816 -0.          0.53276864]]

------------

M: 
[[ 1.          0.3180749   0.62679735 -0.0794728   0.52813888  0.80169327
   0.44435989  0.27654698  0.64987785  0.43319826]
 [ 0.3180749   1.          0.26721106 -0.62689147 -0.19428158  0.62386722
   0.80735348  0.7629917   0.74369928 -0.1061556 ]
 [ 0.62679735  0.26721106  1.          0.12746651  0.24528586  0.59424371
   0.44886359  0.35667376  0.38333976  0.33321351]
 [-0.0794728  -0.62689147  0.12746651  1.         -0.07396503 -0.33815973
  -0.20059712 -0.39897017 -0.65300072  0.53740251]
 [ 0.52813888 -0.19428158  0.24528586 -0.07396503  1.          0.3344839
  -0.2286561  -0.34987179  0.44590316  0.4288641 ]
 [ 0.80169327  0.62386722  0.59424371 -0.33815973  0.3344839   1.
   0.67511795  0.51279748  0.78484018  0.28783921]
 [ 0.44435989  0.80735348  0.44886359 -0.20059712 -0.2286561   0.67511795
   1.          0.81018429  0.60261298  0.19382858]
 [ 0.27654698  0.7629917   0.35667376 -0.39897017 -0.34987179  0.51279748
   0.81018429  1.          0.51443113 -0.18174427]
 [ 0.64987785  0.74369928  0.38333976 -0.65300072  0.44590316  0.78484018
   0.60261298  0.51443113  1.          0.09846162]
 [ 0.43319826 -0.1061556   0.33321351  0.53740251  0.4288641   0.28783921
   0.19382858 -0.18174427  0.09846162  1.        ]]

Relative Error of L : 1.0694535229013393
Relative Error of S: 6.047505697058979
