DENISE trained 300 epochs with 800000 10x10 rank 3 matrices.
DENISE: 

L: 
 [[ 1.8336493   0.12994209  0.05974032  0.32310283 -0.18395145 -0.10110959
   0.11439664  0.07251196  0.02246191 -0.18460667]
 [ 0.12994209  0.4582932   0.2783933  -0.12504657 -0.7215191  -0.09177689
   0.42391345  0.47850624 -0.20510483 -0.37832442]
 [ 0.05974032  0.2783933   0.1693638  -0.08909972 -0.4380185  -0.05527565
   0.25657704  0.29111046 -0.12541543 -0.22871226]
 [ 0.32310283 -0.12504657 -0.08909972  1.954642    0.10298274  0.07505737
   0.08059697 -0.09626885  0.06449332  0.03271057]
 [-0.18395145 -0.7215191  -0.4380185   0.10298274  1.1413625   0.1401829
  -0.6779233  -0.75655234  0.32423496  0.5976512 ]
 [-0.10110959 -0.09177689 -0.05527565  0.07505737  0.1401829   0.02380197
  -0.07770959 -0.0915366   0.0374393   0.07705802]
 [ 0.11439664  0.42391345  0.25657704  0.08059697 -0.6779233  -0.07770959
   0.41321054  0.44782126 -0.19078551 -0.35557553]
 [ 0.07251196  0.47850624  0.29111046 -0.09626885 -0.75655234 -0.0915366
   0.44782126  0.5030205  -0.21717648 -0.39368898]
 [ 0.02246191 -0.20510483 -0.12541543  0.06449332  0.32423496  0.0374393
  -0.19078551 -0.21717648  0.09544058  0.16607077]
 [-0.18460667 -0.37832442 -0.22871226  0.03271057  0.5976512   0.07705802
  -0.35557553 -0.39368898  0.16607077  0.31727943]]

S: 
[[-0.83364928  0.42065459  0.78124389  0.02050014  0.00632665  0.73319482
   0.63467784  0.49598175  0.43385069  0.4814341 ]
 [ 0.42065459  0.5417068   0.32252087  0.04505791  0.02186661  0.46749855
   0.49334476  0.36215584  0.59624767  0.37566925]
 [ 0.78124389  0.32252087  0.8306362   0.52534739  0.0644687   0.46705829
   0.51993402  0.32628854  0.3487457   0.39362616]
 [ 0.02050014  0.04505791  0.52534739 -0.95464206  0.01731421  0.19489896
   0.03523884  0.05431776 -0.09250585  0.47690227]
 [ 0.00632665  0.02186661  0.0644687   0.01731421 -0.14136255 -0.03855457
   0.02528788  0.04940039 -0.05599185 -0.09247073]
 [ 0.73319482  0.46749855  0.46705829  0.19489896 -0.03855457  0.97619803
   0.55160588  0.45732951  0.63821147  0.46903788]
 [ 0.63467784  0.49334476  0.51993402  0.03523884  0.02528788  0.55160588
   0.58678946  0.42740963  0.60993979  0.42259458]
 [ 0.49598175  0.36215584  0.32628854  0.05431776  0.04940039  0.45732951
   0.42740963  0.49697948  0.53600472  0.26686282]
 [ 0.43385069  0.59624767  0.3487457  -0.09250585 -0.05599185  0.63821147
   0.60993979  0.53600472  0.90455942  0.35690921]
 [ 0.4814341   0.37566925  0.39362616  0.47690227 -0.09247073  0.46903788
   0.42259458  0.26686282  0.35690921  0.68272057]]

------------

pcp: 

L: 
[[ 0.83549055  0.52950274  0.77549818  0.37064326 -0.17992818  0.66779988
   0.74500757  0.580578    0.47160911  0.36669036]
 [ 0.55238666  0.92128197  0.60683224 -0.06558527 -0.65866774  0.38796221
   0.93195576  0.84453195  0.41918833 -0.01636588]
 [ 0.74719089  0.57695575  0.84854604  0.39248702 -0.3986581   0.43585324
   0.775385    0.59556145  0.18789422  0.15334227]
 [ 0.39534794 -0.08791257  0.43103824  0.46677396  0.15256184  0.22899146
   0.11807842 -0.03364915 -0.03040611  0.26433975]
 [-0.18030926 -0.67292115 -0.39089916  0.13757285  0.8845911   0.11350487
  -0.61761228 -0.70564332  0.17506213  0.52167456]
 [ 0.6234886   0.35497819  0.42146276  0.1775503   0.10817669  0.68469585
   0.4930925   0.37038035  0.66025623  0.4945273 ]
 [ 0.72125677  0.93229915  0.78799428  0.09630843 -0.64101758  0.48907065
   1.0173309   0.87932321  0.42574189  0.06907085]
 [ 0.58688272  0.85827717  0.62980359 -0.01947116 -0.73220207  0.37158013
   0.89766047  0.90437599  0.30607399 -0.14041503]
 [ 0.47544848  0.39332986  0.19036674 -0.04754667  0.20891524  0.70609611
   0.43846735  0.32335757  0.87181825  0.57034559]
 [ 0.34495123 -0.03550818  0.16716208  0.22652755  0.49386748  0.49254983
   0.08955506 -0.11886142  0.51488416  0.63309686]]

S: 
[[ 0.16450945 -0.          0.06548602  0.          0.          0.
   0.00406691  0.          0.         -0.06986293]
 [-0.          0.07871803  0.         -0.01440338 -0.04098476 -0.
   0.          0.          0.          0.01221172]
 [ 0.09379331  0.          0.15145396  0.04376065  0.         -0.
   0.          0.         -0.          0.        ]
 [ 0.         -0.          0.00520943  0.53322604 -0.03226489  0.04096487
   0.         -0.         -0.          0.24527309]
 [ 0.         -0.02673135  0.         -0.00986572  0.1154089  -0.
  -0.0298955  -0.          0.09318098  0.        ]
 [ 0.         -0.         -0.          0.09240603 -0.          0.31530415
  -0.          0.          0.          0.0515686 ]
 [ 0.          0.          0.          0.         -0.0029892  -0.
   0.         -0.          0.          0.        ]
 [ 0.          0.          0.         -0.         -0.          0.
  -0.          0.09562401  0.         -0.        ]
 [ 0.          0.         -0.         -0.          0.05932787  0.
   0.          0.          0.12818175  0.        ]
 [-0.0481238   0.03285301  0.          0.28308528  0.          0.00916438
   0.         -0.          0.          0.36690314]]

------------

M: 
[[ 1.          0.55059668  0.84098421  0.34360297 -0.1776248   0.63208522
   0.74907448  0.56849372  0.4563126   0.29682743]
 [ 0.55059668  1.          0.60091417 -0.07998865 -0.6996525   0.37572166
   0.91725821  0.84066208  0.39114285 -0.00265517]
 [ 0.84098421  0.60091417  1.          0.43624767 -0.37354981  0.41178264
   0.77651106  0.617399    0.22333027  0.1649139 ]
 [ 0.34360297 -0.07998865  0.43624767  1.          0.12029695  0.26995633
   0.11583581 -0.04195108 -0.02801253  0.50961284]
 [-0.1776248  -0.6996525  -0.37354981  0.12029695  1.          0.10162833
  -0.65263545 -0.70715195  0.26824312  0.50518046]
 [ 0.63208522  0.37572166  0.41178264  0.26995633  0.10162833  1.
   0.47389629  0.3657929   0.67565077  0.5460959 ]
 [ 0.74907448  0.91725821  0.77651106  0.11583581 -0.65263545  0.47389629
   1.          0.87523089  0.41915428  0.06701905]
 [ 0.56849372  0.84066208  0.617399   -0.04195108 -0.70715195  0.3657929
   0.87523089  1.          0.31882824 -0.12682615]
 [ 0.4563126   0.39114285  0.22333027 -0.02801253  0.26824312  0.67565077
   0.41915428  0.31882824  1.          0.52297999]
 [ 0.29682743 -0.00265517  0.1649139   0.50961284  0.50518046  0.5460959
   0.06701905 -0.12682615  0.52297999  1.        ]]

Relative Error of L : 0.8404975925676367
Relative Error of S: 4.949367192538127
