DENISE trained 300 epochs with 800000 10x10 rank 3 matrices.
DENISE: 

L: 
 [[ 1.8525978   0.1669828   0.07584387  0.44019023 -0.19754086 -0.10604943
   0.14913057  0.08813124  0.00694121 -0.2032446 ]
 [ 0.1669828   0.51348335  0.35520616  0.05615037 -0.7596309  -0.08565807
   0.48520994  0.5252845  -0.25718096 -0.39912096]
 [ 0.07584387  0.35520616  0.25318027 -0.08089454 -0.5341899  -0.06322845
   0.32551178  0.37172124 -0.18400346 -0.2785449 ]
 [ 0.44019023  0.05615037 -0.08089454  1.9560317   0.0562205   0.06780056
   0.2241163  -0.07136644  0.06182307  0.0073398 ]
 [-0.19754086 -0.7596309  -0.5341899   0.0562205   1.1339428   0.1311566
  -0.70610255 -0.7869118   0.38769656  0.59313124]
 [-0.10604943 -0.08565807 -0.06322845  0.06780056  0.1311566   0.02261822
  -0.071633   -0.08967703  0.04250884  0.07329461]
 [ 0.14913057  0.48520994  0.32551178  0.2241163  -0.70610255 -0.071633
   0.47472167  0.48652822 -0.23703204 -0.3704114 ]
 [ 0.08813124  0.5252845   0.37172124 -0.07136644 -0.7869118  -0.08967703
   0.48652822  0.5476262  -0.27131706 -0.40894872]
 [ 0.00694121 -0.25718096 -0.18400346  0.06182307  0.38769656  0.04250884
  -0.23703204 -0.27131706  0.13592212  0.19873422]
 [-0.2032446  -0.39912096 -0.2785449   0.0073398   0.59313124  0.07329461
  -0.3704114  -0.40894872  0.19873422  0.31574368]]

S: 
[[-0.85259783  0.37305211  0.72317492  0.01769835  0.01082516  0.73211268
   0.58721314  0.46093891  0.42038466  0.51552811]
 [ 0.37305211  0.48651665  0.29663797  0.02430447  0.02480796  0.40458391
   0.43660964  0.31696498  0.54316478  0.41829019]
 [ 0.72317492  0.29663797  0.74681973  0.54796272  0.07067951  0.48696607
   0.4758157   0.30664121  0.35829816  0.38125583]
 [ 0.01769835  0.02430447  0.54796272 -0.95603168  0.01956435  0.40041197
   0.01823372  0.14276687  0.07598214  0.48341503]
 [ 0.01082516  0.02480796  0.07067951  0.01956435 -0.13394284 -0.04216018
   0.02378127  0.04312223 -0.06752046 -0.08539208]
 [ 0.73211268  0.40458391  0.48696607  0.40041197 -0.04216018  0.97738178
   0.51765574  0.42378224  0.5833106   0.53490964]
 [ 0.58721314  0.43660964  0.4758157   0.01823372  0.02378127  0.51765574
   0.52527833  0.39089998  0.57839785  0.43826224]
 [ 0.46093891  0.31696498  0.30664121  0.14276687  0.04312223  0.42378224
   0.39089998  0.4523738   0.49485198  0.27714187]
 [ 0.42038466  0.54316478  0.35829816  0.07598214 -0.06752046  0.5833106
   0.57839785  0.49485198  0.86407788  0.42167298]
 [ 0.51552811  0.41829019  0.38125583  0.48341503 -0.08539208  0.53490964
   0.43826224  0.27714187  0.42167298  0.68425632]]

------------

pcp: 

L: 
[[ 0.78969591  0.54053612  0.73406125  0.45881233 -0.20832384  0.62530761
   0.71208057  0.54852509  0.42780832  0.36686651]
 [ 0.54051662  0.89824929  0.64990921  0.08232694 -0.7141025   0.31724774
   0.91995993  0.84373688  0.2867889  -0.0369863 ]
 [ 0.73402861  0.64992262  0.82417201  0.42130103 -0.46416347  0.4229453
   0.80283289  0.64779415  0.17471329  0.10298951]
 [ 0.45880657  0.08231587  0.42133017  0.48047381  0.07568782  0.39565621
   0.23842839  0.07298879  0.13788889  0.33917017]
 [-0.20835295 -0.71402742 -0.46416606  0.07568267  0.90712517  0.08924919
  -0.67468502 -0.74324491  0.19818842  0.49920848]
 [ 0.62531131  0.31722088  0.42293758  0.39567351  0.08924362  0.72685234
   0.44913892  0.30342348  0.62549287  0.6083081 ]
 [ 0.71206255  0.9199804   0.80284994  0.2384092  -0.67472133  0.44911505
   1.00050067  0.8759606   0.33858653  0.06893196]
 [ 0.54854152  0.84372136  0.64778099  0.07298899 -0.7432475   0.30345348
   0.87595297  0.87675577  0.22512386 -0.13338666]
 [ 0.42781102  0.28680324  0.17470339  0.13789323  0.19818713  0.62549229
   0.33860546  0.22509591  0.75270589  0.62044644]
 [ 0.36692492 -0.03707237  0.10300234  0.33913046  0.49926567  0.60831042
   0.06889157 -0.13335699  0.62045265  0.77083731]]

S: 
[[ 0.21030409 -0.          0.06495754  0.          0.02160813  0.
   0.02426314  0.          0.         -0.05458299]
 [-0.          0.10175071  0.         -0.         -0.02072046 -0.
   0.00185965  0.          0.          0.05615553]
 [ 0.06499018  0.          0.17582799  0.04576714  0.         -0.
   0.          0.0305683  -0.          0.        ]
 [ 0.         -0.          0.045738    0.51952619 -0.          0.07255632
   0.         -0.         -0.          0.15158467]
 [ 0.02163725 -0.02079553  0.         -0.          0.09287483 -0.
  -0.00763626 -0.          0.12198768  0.00853068]
 [ 0.         -0.         -0.          0.07253901 -0.          0.27314766
  -0.          0.03068173  0.          0.        ]
 [ 0.02428116  0.00183918  0.          0.         -0.00759995 -0.
   0.         -0.          0.          0.        ]
 [ 0.          0.          0.03058146 -0.         -0.          0.03065173
  -0.          0.12324423  0.         -0.        ]
 [ 0.          0.         -0.         -0.          0.12198897  0.
   0.          0.          0.24729411  0.        ]
 [-0.05464141  0.05624161  0.          0.15162438  0.0084735   0.
   0.         -0.          0.          0.22916269]]

------------

M: 
[[ 1.          0.54003491  0.79901879  0.45788858 -0.18671571  0.62606325
   0.73634371  0.54907015  0.42732587  0.31228352]
 [ 0.54003491  1.          0.65184413  0.08045484 -0.73482296  0.31892584
   0.92181958  0.84224951  0.28598382  0.01916924]
 [ 0.79901879  0.65184413  1.          0.46706817 -0.46351037  0.42373762
   0.80132748  0.67836245  0.1742947   0.10271093]
 [ 0.45788858  0.08045484  0.46706817  1.          0.07578485  0.46821252
   0.24235002  0.07140043  0.13780521  0.49075483]
 [-0.18671571 -0.73482296 -0.46351037  0.07578485  1.          0.08899641
  -0.68232128 -0.74378955  0.3201761   0.50773916]
 [ 0.62606325  0.31892584  0.42373762  0.46821252  0.08899641  1.
   0.44602275  0.33410521  0.62581944  0.60820425]
 [ 0.73634371  0.92181958  0.80132748  0.24235002 -0.68232128  0.44602275
   1.          0.87742819  0.34136581  0.06785084]
 [ 0.54907015  0.84224951  0.67836245  0.07140043 -0.74378955  0.33410521
   0.87742819  1.          0.22353491 -0.13180685]
 [ 0.42732587  0.28598382  0.1742947   0.13780521  0.3201761   0.62581944
   0.34136581  0.22353491  1.          0.6204072 ]
 [ 0.31228352  0.01916924  0.10271093  0.49075483  0.50773916  0.60820425
   0.06785084 -0.13180685  0.6204072   1.        ]]

Relative Error of L : 0.8079159351664011
Relative Error of S: 5.223023663086138
