DENISE trained 300 epochs with 800000 10x10 rank 3 matrices.
DENISE: 

L: 
 [[ 3.35990288e-03  5.31171560e-02  1.37107691e-03  4.81633097e-03
   7.75822774e-02  5.23040397e-03 -1.28351143e-02  3.37076886e-03
   1.46929575e-02 -1.99863128e-03]
 [ 5.31171560e-02  2.70271158e+00 -1.73388645e-02 -1.43643387e-03
   2.68760677e-02 -1.16519677e-02  8.96553602e-03  7.82517567e-02
   3.01270913e-02 -7.38200769e-02]
 [ 1.37107691e-03 -1.73388645e-02  3.97171918e-03  3.15757911e-03
   5.21866120e-02  2.38779956e-03 -8.77611339e-03  1.19952566e-03
   8.54696110e-02  3.31441814e-04]
 [ 4.81633097e-03 -1.43643387e-03  3.15757911e-03  1.02066901e-02
   1.61933258e-01  1.17131798e-02 -2.73716040e-02  3.73461004e-03
   1.69418920e-02 -1.15049619e-03]
 [ 7.75822774e-02  2.68760677e-02  5.21866120e-02  1.61933258e-01
   2.57204413e+00  1.84571579e-01 -4.34397191e-01  6.11447543e-02
   3.36221874e-01 -1.94258410e-02]
 [ 5.23040397e-03 -1.16519677e-02  2.38779956e-03  1.17131798e-02
   1.84571579e-01  1.40625080e-02 -3.13063376e-02  3.75307747e-03
  -1.68219712e-02 -1.14751025e-03]
 [-1.28351143e-02  8.96553602e-03 -8.77611339e-03 -2.73716040e-02
  -4.34397191e-01 -3.13063376e-02  7.34394118e-02 -9.91749950e-03
  -5.30656353e-02  2.92383111e-03]
 [ 3.37076886e-03  7.82517567e-02  1.19952566e-03  3.73461004e-03
   6.11447543e-02  3.75307747e-03 -9.91749950e-03  3.76249733e-03
   2.20858026e-02 -2.53575062e-03]
 [ 1.46929575e-02  3.01270913e-02  8.54696110e-02  1.69418920e-02
   3.36221874e-01 -1.68219712e-02 -5.30656353e-02  2.20858026e-02
   2.26757669e+00  3.46031296e-03]
 [-1.99863128e-03 -7.38200769e-02  3.31441814e-04 -1.15049619e-03
  -1.94258410e-02 -1.14751025e-03  2.92383111e-03 -2.53575062e-03
   3.46031296e-03  2.17246450e-03]]

S: 
[[ 0.9966401   0.3420888   0.78477861  0.21048656  0.00860718  0.61369482
   0.6727442   0.42683607  0.40997646  0.39080924]
 [ 0.3420888  -1.70271158  0.53265904 -0.40951282 -0.56085538  0.48174335
   0.88549186  0.7529297   0.53018884  0.00341882]
 [ 0.78477861  0.53265904  0.99602828  0.15888374 -0.19793062  0.45877504
   0.72169303  0.54320531  0.22538826  0.1957936 ]
 [ 0.21048656 -0.40951282  0.15888374  0.98979331 -0.01173861 -0.08714681
  -0.10588627 -0.3376111  -0.41880547  0.58876649]
 [ 0.00860718 -0.56085538 -0.19793062 -0.01173861 -1.57204413  0.00428304
  -0.02035312 -0.60498567 -0.03153158  0.49517877]
 [ 0.61369482  0.48174335  0.45877504 -0.08714681  0.00428304  0.98593749
   0.58769056  0.44866867  0.7412836   0.39044703]
 [ 0.6727442   0.88549186  0.72169303 -0.10588627 -0.02035312  0.58769056
   0.92656059  0.85046681  0.590945    0.11669701]
 [ 0.42683607  0.7529297   0.54320531 -0.3376111  -0.60498567  0.44866867
   0.85046681  0.9962375   0.44731902 -0.16903878]
 [ 0.40997646  0.53018884  0.22538826 -0.41880547 -0.03153158  0.7412836
   0.590945    0.44731902 -1.26757669  0.24684782]
 [ 0.39080924  0.00341882  0.1957936   0.58876649  0.49517877  0.39044703
   0.11669701 -0.16903878  0.24684782  0.99782754]]

------------

pcp: 

L: 
[[ 0.79621732  0.39740988  0.66875252  0.22491043  0.08172316  0.61493068
   0.65534161  0.43611677  0.42463075  0.39136517]
 [ 0.39728439  0.9077118   0.49760196 -0.38184569 -0.47590199  0.46059322
   0.88381561  0.83097356  0.5671565  -0.06598368]
 [ 0.66500383  0.49496472  0.64131184  0.15263821 -0.1787402   0.46525805
   0.70778588  0.53382498  0.310464    0.1993404 ]
 [ 0.22404069 -0.38243061  0.1502829   0.60514898  0.19782063 -0.07234869
  -0.13156131 -0.33558107 -0.3524519   0.26802754]
 [ 0.0788318  -0.48466431 -0.18559295  0.19807672  0.7801377   0.19183312
  -0.43058769 -0.53915899  0.1377529   0.47995734]
 [ 0.61522488  0.46405176  0.46829621 -0.07461822  0.19370004  0.66677461
   0.5707157   0.40908761  0.64169975  0.38257055]
 [ 0.65188185  0.8919487   0.71173308 -0.13427772 -0.43145356  0.56542346
   1.01002343  0.84569482  0.53525796  0.08730645]
 [ 0.43520486  0.83257362  0.53861937 -0.33613139 -0.53264352  0.40781606
   0.84139832  0.89273285  0.46884589 -0.17552097]
 [ 0.42381795  0.56699334  0.31267104 -0.35372257  0.13743844  0.63669981
   0.5354357   0.46961405  0.75548406  0.25409262]
 [ 0.39238793 -0.06675337  0.19957157  0.26982494  0.47598984  0.37973131
   0.09221059 -0.17387028  0.2542269   0.52698235]]

S: 
[[ 0.20378268 -0.          0.11739716  0.          0.          0.
   0.          0.         -0.         -0.        ]
 [-0.          0.0922882   0.01771821 -0.02910356 -0.05807732  0.
   0.01064179 -0.          0.          0.        ]
 [ 0.12114586  0.02035546  0.35868816  0.          0.03299618 -0.
   0.          0.         -0.         -0.        ]
 [ 0.         -0.02851864  0.          0.39485102 -0.04762598  0.
   0.         -0.         -0.04941168  0.31958845]
 [ 0.         -0.049315    0.03984894 -0.04788207  0.2198623  -0.
  -0.02416263 -0.          0.16693739  0.        ]
 [ 0.          0.         -0.          0.         -0.          0.33322539
  -0.          0.04333414  0.08276188  0.        ]
 [ 0.          0.          0.          0.         -0.02329675 -0.
   0.          0.          0.          0.03231439]
 [ 0.         -0.          0.         -0.         -0.0111974   0.04460569
   0.          0.10726715  0.         -0.        ]
 [-0.          0.         -0.         -0.04814101  0.16725185  0.08776182
   0.          0.          0.24451594  0.        ]
 [-0.          0.         -0.          0.31779105  0.          0.
   0.02741025 -0.          0.          0.47301765]]

------------

M: 
[[ 1.          0.39520595  0.78614968  0.21530289  0.08618946  0.61892523
   0.65990909  0.43020684  0.42466942  0.38881061]
 [ 0.39520595  1.          0.51532017 -0.41094925 -0.53397932  0.47009138
   0.89445739  0.83118146  0.56031593 -0.07040126]
 [ 0.78614968  0.51532017  1.          0.16204132 -0.14574401  0.46116284
   0.71291692  0.54440484  0.31085787  0.19612505]
 [ 0.21530289 -0.41094925  0.16204132  1.          0.15019465 -0.07543363
  -0.13325787 -0.33387649 -0.40186358  0.58761599]
 [ 0.08618946 -0.53397932 -0.14574401  0.15019465  1.          0.18885462
  -0.45475031 -0.54384092  0.30469029  0.47575293]
 [ 0.61892523  0.47009138  0.46116284 -0.07543363  0.18885462  1.
   0.55638423  0.45242175  0.72446163  0.38929952]
 [ 0.65990909  0.89445739  0.71291692 -0.13325787 -0.45475031  0.55638423
   1.          0.84054931  0.53787937  0.11962084]
 [ 0.43020684  0.83118146  0.54440484 -0.33387649 -0.54384092  0.45242175
   0.84054931  1.          0.46940482 -0.17157453]
 [ 0.42466942  0.56031593  0.31085787 -0.40186358  0.30469029  0.72446163
   0.53787937  0.46940482  1.          0.25030813]
 [ 0.38881061 -0.07040126  0.19612505  0.58761599  0.47575293  0.38929952
   0.11962084 -0.17157453  0.25030813  1.        ]]

Relative Error of L : 1.1165930458244344
Relative Error of S: 5.236565903060082
