DENISE trained 300 epochs with 800000 10x10 rank 3 matrices.
DENISE: 

L: 
 [[ 1.87781763e+00  2.35622555e-01  1.36538059e-01  4.27487075e-01
  -2.91801721e-01 -8.88376608e-02  2.04322428e-01  1.51295274e-01
  -3.24265361e-02 -1.90888226e-01]
 [ 2.35622555e-01  5.75022578e-01  4.55678463e-01  1.14223234e-01
  -8.00202847e-01 -7.71803223e-03  5.29912889e-01  5.73272347e-01
  -2.93149143e-01 -2.47588441e-01]
 [ 1.36538059e-01  4.55678463e-01  3.78651351e-01 -9.30258855e-02
  -6.54774010e-01 -1.12226345e-02  4.07361537e-01  4.72444832e-01
  -2.44681701e-01 -1.98891655e-01]
 [ 4.27487075e-01  1.14223234e-01 -9.30258855e-02  1.95519209e+00
   5.90702258e-02  6.07085936e-02  2.41030648e-01 -7.32128397e-02
   6.65993914e-02 -1.24986563e-02]
 [-2.91801721e-01 -8.00202847e-01 -6.54774010e-01  5.90702258e-02
   1.13818884e+00  1.81560796e-02 -7.21951723e-01 -8.18686485e-01
   4.21776801e-01  3.49071622e-01]
 [-8.88376608e-02 -7.71803223e-03 -1.12226345e-02  6.07085936e-02
   1.81560796e-02  7.72954663e-03 -4.69080987e-04 -1.10365935e-02
   4.33317898e-03  1.00527853e-02]
 [ 2.04322428e-01  5.29912889e-01  4.07361537e-01  2.41030648e-01
  -7.21951723e-01 -4.69080987e-04  4.98797566e-01  5.16240060e-01
  -2.62845099e-01 -2.23347157e-01]
 [ 1.51295274e-01  5.73272347e-01  4.72444832e-01 -7.32128397e-02
  -8.18686485e-01 -1.10365935e-02  5.16240060e-01  5.90920925e-01
  -3.06071103e-01 -2.47737408e-01]
 [-3.24265361e-02 -2.93149143e-01 -2.44681701e-01  6.65993914e-02
   4.21776801e-01  4.33317898e-03 -2.62845099e-01 -3.06071103e-01
   1.59846127e-01  1.25016332e-01]
 [-1.90888226e-01 -2.47588441e-01 -1.98891655e-01 -1.24986563e-02
   3.49071622e-01  1.00527853e-02 -2.23347157e-01 -2.47737408e-01
   1.25016332e-01  1.12776846e-01]]

S: 
[[-0.87781763  0.34939775  0.65415816  0.02734546  0.01943319  0.73090752
   0.55788344  0.44310334  0.40938244  0.56879608]
 [ 0.34939775  0.42497742  0.25345724  0.03052486  0.02350751  0.34648087
   0.40323681  0.25956078  0.48888558  0.44847473]
 [ 0.65415816  0.25345724  0.62134865  0.47367101  0.06895164  0.46577233
   0.40292294  0.30483242  0.33040127  0.42977089]
 [ 0.02734546  0.03052486  0.47367101 -0.95519209  0.02537085  0.45804249
   0.02284828  0.14564737  0.15852723  0.45131853]
 [ 0.01943319  0.02350751  0.06895164  0.02537085 -0.13818884 -0.03180238
   0.01980239  0.04525538 -0.06796821 -0.06996841]
 [ 0.73090752  0.34648087  0.46577233  0.45804249 -0.03180238  0.99227045
   0.48768202  0.40025951  0.56048175  0.6549385 ]
 [ 0.55788344  0.40323681  0.40292294  0.02284828  0.01980239  0.48768202
   0.50120243  0.3397682   0.56431681  0.43414825]
 [ 0.44310334  0.25956078  0.30483242  0.14564737  0.04525538  0.40025951
   0.3397682   0.40907907  0.4223521   0.36739191]
 [ 0.40938244  0.48888558  0.33040127  0.15852723 -0.06796821  0.56048175
   0.56431681  0.4223521   0.84015387  0.48859187]
 [ 0.56879608  0.44847473  0.42977089  0.45131853 -0.06996841  0.6549385
   0.43414825  0.36739191  0.48859187  0.88722315]]

------------

pcp: 

L: 
[[ 0.42434877  0.44012061  0.57400259  0.3263158  -0.36236741  0.41708195
   0.48396169  0.51186582  0.02165049  0.26668145]
 [ 0.4469821   0.86811966  0.64856928  0.07795911 -0.79991196  0.34537818
   0.82953041  0.84567662  0.05989022  0.10651796]
 [ 0.60025473  0.6869373   0.83282305  0.38599705 -0.61627004  0.48940821
   0.7585379   0.76789155 -0.02533028  0.25266119]
 [ 0.40564978  0.1769602   0.48574481  0.55956554  0.00319449  0.68026655
   0.20932282  0.31757204  0.16087158  0.61439351]
 [-0.46467085 -0.8885755  -0.68883025 -0.05155441  0.86027599 -0.26296385
  -0.87813767 -0.86288849  0.010764   -0.00442288]
 [ 0.39101784  0.34937697  0.456009    0.4977946  -0.09713689  0.80931963
   0.29051694  0.4528393   0.31242896  0.73579449]
 [ 0.43220573  0.73964637  0.6406665   0.08246976 -0.73552422  0.20680493
   0.76375709  0.73345663 -0.05984632 -0.02398536]
 [ 0.54040367  0.85834171  0.75449873  0.24109969 -0.74573592  0.51654162
   0.83705041  0.88068461  0.09430166  0.2729201 ]
 [ 0.07422303  0.14219524  0.04638424  0.16075756  0.03263129  0.43458131
   0.03464982  0.16065758  0.28197957  0.44459748]
 [ 0.25851576  0.11182821  0.24774246  0.5052233   0.16809031  0.81430589
   0.03008252  0.2236003   0.37738385  0.82229939]]

S: 
[[ 0.57565123 -0.          0.21669362  0.          0.08999889  0.
   0.27824418  0.          0.         -0.        ]
 [-0.          0.13188034  0.         -0.         -0.         -0.00661534
   0.10361929  0.          0.          0.09436832]
 [ 0.19044149  0.          0.16717695  0.          0.         -0.00682953
   0.          0.         -0.          0.        ]
 [ 0.         -0.          0.          0.44043446  0.          0.
   0.         -0.24513752 -0.          0.        ]
 [ 0.19230232 -0.          0.          0.          0.13972401 -0.
  -0.         -0.          0.34304459  0.        ]
 [ 0.         -0.         -0.          0.         -0.          0.19068037
  -0.          0.          0.          0.        ]
 [ 0.33000013  0.1552076   0.          0.         -0.         -0.
   0.23624291 -0.          0.36131803 -0.        ]
 [ 0.          0.          0.         -0.16866517 -0.02769519  0.
  -0.          0.11931539 -0.          0.        ]
 [ 0.          0.         -0.         -0.          0.32117731  0.
   0.26682189 -0.          0.71802043  0.12198189]
 [-0.          0.08905808  0.          0.          0.          0.
  -0.          0.          0.22646865  0.17770061]]

------------

M: 
[[ 1.          0.5850203   0.79069622  0.45483254 -0.27236853  0.64206986
   0.76220586  0.59439861  0.3769559   0.37790786]
 [ 0.5850203   1.          0.7091357   0.14474809 -0.77669533  0.33876284
   0.9331497   0.83283313  0.19573644  0.20088629]
 [ 0.79069622  0.7091357   1.          0.38064513 -0.58582237  0.4545497
   0.81028447  0.77727725  0.08571957  0.23087924]
 [ 0.45483254  0.14474809  0.38064513  1.          0.08444108  0.51875109
   0.26387893  0.07243453  0.22512662  0.43881988]
 [-0.27236853 -0.77669533 -0.58582237  0.08444108  1.         -0.0136463
  -0.70214933 -0.77343111  0.3538086   0.27910322]
 [ 0.64206986  0.33876284  0.4545497   0.51875109 -0.0136463   1.
   0.48721294  0.38922292  0.56481493  0.66499129]
 [ 0.76220586  0.9331497   0.81028447  0.26387893 -0.70214933  0.48721294
   1.          0.85600826  0.30147171  0.2108011 ]
 [ 0.59439861  0.83283313  0.77727725  0.07243453 -0.77343111  0.38922292
   0.85600826  1.          0.116281    0.11965451]
 [ 0.3769559   0.19573644  0.08571957  0.22512662  0.3538086   0.56481493
   0.30147171  0.116281    1.          0.61360821]
 [ 0.37790786  0.20088629  0.23087924  0.43881988  0.27910322  0.66499129
   0.2108011   0.11965451  0.61360821  1.        ]]

Relative Error of L : 0.7929415790614922
Relative Error of S: 2.845534698105966
