DENISE trained 300 epochs with 800000 10x10 rank 3 matrices.
DENISE: 

L: 
 [[ 1.8635246e+00  2.0474900e-01  9.7258493e-02  4.5141804e-01
  -2.3418607e-01 -1.0408186e-01  1.7615430e-01  1.1525372e-01
  -8.0705602e-03 -2.0580314e-01]
 [ 2.0474900e-01  5.6862867e-01  4.0263700e-01  1.2136814e-01
  -7.9326618e-01 -6.2825188e-02  5.2970165e-01  5.6672084e-01
  -2.7586082e-01 -3.5674456e-01]
 [ 9.7258493e-02  4.0263700e-01  3.0072644e-01 -8.7400563e-02
  -5.8238459e-01 -5.0985150e-02  3.6371306e-01  4.1920090e-01
  -2.0689897e-01 -2.5895682e-01]
 [ 4.5141804e-01  1.2136814e-01 -8.7400563e-02  1.9578240e+00
   6.1022103e-02  6.6190712e-02  2.4273013e-01 -7.5250946e-02
   6.5289430e-02  1.4768190e-03]
 [-2.3418607e-01 -7.9326618e-01 -5.8238459e-01  6.1022103e-02
   1.1341143e+00  9.6971154e-02 -7.2357064e-01 -8.1407738e-01
   3.9975274e-01  5.0677526e-01]
 [-1.0408186e-01 -6.2825188e-02 -5.0985150e-02  6.6190712e-02
   9.6971154e-02  1.5887808e-02 -5.0762556e-02 -6.7965224e-02
   3.1842839e-02  4.8018824e-02]
 [ 1.7615430e-01  5.2970165e-01  3.6371306e-01  2.4273013e-01
  -7.2357064e-01 -5.0762556e-02  5.0317562e-01  5.1592153e-01
  -2.5024334e-01 -3.2480526e-01]
 [ 1.1525372e-01  5.6672084e-01  4.1920090e-01 -7.5250946e-02
  -8.1407738e-01 -6.7965224e-02  5.1592153e-01  5.8606601e-01
  -2.8935614e-01 -3.6082336e-01]
 [-8.0705602e-03 -2.7586082e-01 -2.0689897e-01  6.5289430e-02
   3.9975274e-01  3.1842839e-02 -2.5024334e-01 -2.8935614e-01
   1.4429401e-01  1.7447866e-01]
 [-2.0580314e-01 -3.5674456e-01 -2.5895682e-01  1.4768190e-03
   5.0677526e-01  4.8018824e-02 -3.2480526e-01 -3.6082336e-01
   1.7447866e-01  2.3208833e-01]]

S: 
[[-0.86352456  0.35597505  0.69721984  0.02129513  0.01424872  0.74183944
   0.56852205  0.4496677   0.43018225  0.55256931]
 [ 0.35597505  0.43137133  0.28238866  0.02998937  0.02661283  0.3645556
   0.4057442   0.2701224   0.50255082  0.45200805]
 [ 0.69721984  0.28238866  0.69927356  0.51639471  0.07180852  0.50426101
   0.44542366  0.30976698  0.37370336  0.42825942]
 [ 0.02129513  0.02998937  0.51639471 -0.95782399  0.0206514   0.4630372
   0.02172621  0.16566347  0.15267755  0.45343839]
 [ 0.01424872  0.02661283  0.07180852  0.0206514  -0.13411427 -0.04491311
   0.0235278   0.04693282 -0.07232252 -0.07363213]
 [ 0.74183944  0.3645556   0.50426101  0.4630372  -0.04491311  0.98411219
   0.50413148  0.41346287  0.56872092  0.61625575]
 [ 0.56852205  0.4057442   0.44542366  0.02172621  0.0235278   0.50413148
   0.49682438  0.35871886  0.56881404  0.44807162]
 [ 0.4496677   0.2701224   0.30976698  0.16566347  0.04693282  0.41346287
   0.35871886  0.41393399  0.46848111  0.33028804]
 [ 0.43018225  0.50255082  0.37370336  0.15267755 -0.07232252  0.56872092
   0.56881404  0.46848111  0.85570599  0.50011769]
 [ 0.55256931  0.45200805  0.42825942  0.45343839 -0.07363213  0.61625575
   0.44807162  0.33028804  0.50011769  0.76791167]]

------------

pcp: 

L: 
[[ 0.57312242  0.54059905  0.67038761  0.44645562 -0.25511876  0.58694039
   0.54397177  0.39509424  0.36613161  0.41273628]
 [ 0.48724469  1.02703129  0.72170864  0.08647324 -0.82438351  0.35535212
   0.92251052  0.79922007  0.33208944  0.02386548]
 [ 0.52948946  0.60735015  0.75633488  0.38943435 -0.47823531  0.40606951
   0.59028982  0.48288417  0.10822958  0.13887096]
 [ 0.54298789  0.23101345  0.59434721  0.57861082  0.01888057  0.59260324
   0.28749706  0.15421576  0.26209649  0.49570692]
 [-0.21102144 -0.81998064 -0.54609561  0.11605113  0.91514811  0.07517298
  -0.70401221 -0.68913774  0.13062018  0.42791457]
 [ 0.49046756  0.28155751  0.41396347  0.44192888  0.10629013  0.66020854
   0.31846021  0.15962358  0.54756634  0.64313519]
 [ 0.63709132  1.10340984  0.8885955   0.23947454 -0.83209127  0.51620868
   1.01208593  0.85194789  0.40598734  0.15423821]
 [ 0.52491599  1.02152128  0.79109529  0.14799752 -0.83985402  0.36777036
   0.92507215  0.80166754  0.2760929   0.01413244]
 [ 0.29105674  0.25898875  0.09513415  0.1618199   0.17038196  0.54483626
   0.26309717  0.12157246  0.70725433  0.62060706]
 [ 0.4976839   0.16384445  0.31692569  0.49003571  0.32117096  0.77179179
   0.22419132  0.04305967  0.70379663  0.8404166 ]]

S: 
[[ 0.42687758 -0.          0.12409073  0.          0.          0.
   0.20070459  0.          0.         -0.06597011]
 [-0.          0.          0.          0.         -0.         -0.
   0.          0.          0.          0.07139802]
 [ 0.26498888  0.          0.24366512  0.          0.         -0.
   0.          0.23024215 -0.          0.        ]
 [ 0.          0.          0.          0.42138918 -0.          0.
  -0.         -0.06380324 -0.04412951  0.        ]
 [ 0.         -0.          0.         -0.          0.08485189 -0.02311494
  -0.         -0.07138922  0.19681004  0.        ]
 [ 0.         -0.         -0.          0.00233696 -0.01221977  0.33979146
  -0.          0.14167533  0.          0.        ]
 [ 0.10758503  0.          0.         -0.         -0.         -0.
   0.         -0.          0.         -0.        ]
 [ 0.          0.          0.         -0.05758499 -0.          0.
  -0.          0.19833246  0.         -0.        ]
 [ 0.          0.         -0.         -0.          0.15704826  0.
   0.          0.          0.29274567  0.05398929]
 [-0.15091773  0.          0.          0.          0.          0.
  -0.         -0.          0.          0.1595834 ]]

------------

M: 
[[ 1.          0.56072405  0.79447834  0.47271317 -0.21993735  0.63775758
   0.74467635  0.56492142  0.42211169  0.34676617]
 [ 0.56072405  1.          0.68502566  0.15135751 -0.76665334  0.30173041
   0.93544585  0.83684324  0.22669001  0.0952635 ]
 [ 0.79447834  0.68502566  1.          0.42899415 -0.51057606  0.45327586
   0.80913672  0.72896788  0.16680439  0.1693026 ]
 [ 0.47271317  0.15135751  0.42899415  1.          0.08167351  0.52922792
   0.26445634  0.09041253  0.21796698  0.45491521]
 [-0.21993735 -0.76665334 -0.51057606  0.08167351  1.          0.05205804
  -0.70004285 -0.76714456  0.32743022  0.43314313]
 [ 0.63775758  0.30173041  0.45327586  0.52922792  0.05205804  1.
   0.45336892  0.34549764  0.60056376  0.66427458]
 [ 0.74467635  0.93544585  0.80913672  0.26445634 -0.70004285  0.45336892
   1.          0.87464039  0.3185707   0.12326636]
 [ 0.56492142  0.83684324  0.72896788  0.09041253 -0.76714456  0.34549764
   0.87464039  1.          0.17912497 -0.03053532]
 [ 0.42211169  0.22669001  0.16680439  0.21796698  0.32743022  0.60056376
   0.3185707   0.17912497  1.          0.67459635]
 [ 0.34676617  0.0952635   0.1693026   0.45491521  0.43314313  0.66427458
   0.12326636 -0.03053532  0.67459635  1.        ]]

Relative Error of L : 0.8081073195288426
Relative Error of S: 4.318847924977113
