DENISE trained 300 epochs with 800000 10x10 rank 3 matrices.
DENISE: 

L: 
 [[ 1.0784645e-01  6.3575059e-02  9.7265188e-03 -1.2812413e-02
   5.2331764e-01  6.7356087e-02 -4.2151101e-02  1.4265180e-02
   6.3972406e-02 -4.9693082e-03]
 [ 6.3575059e-02  2.7013979e+00 -1.9188514e-02 -5.3321961e-03
   2.9009387e-02 -1.0799662e-02  1.3502567e-02  7.9341911e-02
   3.1544879e-02 -7.1272559e-02]
 [ 9.7265188e-03 -1.9188514e-02  5.0647813e-03 -8.8040641e-04
   5.6757852e-02  5.0072130e-03 -4.9709161e-03  1.7257250e-03
   1.0000857e-01  3.0312169e-04]
 [-1.2812413e-02 -5.3321961e-03 -8.8040641e-04  1.5461382e-03
  -6.1884616e-02 -8.1594046e-03  4.9789655e-03 -1.5530876e-03
  -5.5775209e-04  5.4176833e-04]
 [ 5.2331764e-01  2.9009387e-02  5.6757852e-02 -6.1884616e-02
   2.5808864e+00  3.2943466e-01 -2.0998272e-01  6.3715972e-02
   4.7649708e-01 -1.6746460e-02]
 [ 6.7356087e-02 -1.0799662e-02  5.0072130e-03 -8.1594046e-03
   3.2943466e-01  4.3624934e-02 -2.6737116e-02  7.1350923e-03
   3.3922526e-03 -1.8514611e-03]
 [-4.2151101e-02  1.3502567e-02 -4.9709161e-03  4.9789655e-03
  -2.0998272e-01 -2.6737116e-02  1.7192751e-02 -4.7803405e-03
  -4.4397432e-02  9.3539688e-04]
 [ 1.4265180e-02  7.9341911e-02  1.7257250e-03 -1.5530876e-03
   6.3715972e-02  7.1350923e-03 -4.7803405e-03  4.0831696e-03
   3.4562297e-02 -2.4458806e-03]
 [ 6.3972406e-02  3.1544879e-02  1.0000857e-01 -5.5775209e-04
   4.7649708e-01  3.3922526e-03 -4.4397432e-02  3.4562297e-02
   2.2810619e+00 -1.2407079e-04]
 [-4.9693082e-03 -7.1272559e-02  3.0312169e-04  5.4176833e-04
  -1.6746460e-02 -1.8514611e-03  9.3539688e-04 -2.4458806e-03
  -1.2407079e-04  1.9854927e-03]]

S: 
[[ 0.89215355  0.25449984  0.61707084 -0.06666038  0.00482124  0.73433718
   0.48651099  0.2622818   0.58590544  0.43816757]
 [ 0.25449984 -1.7013979   0.28639957 -0.62155928 -0.22329097  0.63466689
   0.79385092  0.68364979  0.71215441 -0.03488304]
 [ 0.61707084  0.28639957  0.99493522  0.12834692  0.18852801  0.58923649
   0.4538345   0.35494803  0.28333119  0.33291039]
 [-0.06666038 -0.62155928  0.12834692  0.99845386 -0.01208041 -0.33000032
  -0.20557608 -0.39741708 -0.65244297  0.53686074]
 [ 0.00482124 -0.22329097  0.18852801 -0.01208041 -1.58088636  0.00504924
  -0.01867338 -0.41358777 -0.03059393  0.44561056]
 [ 0.73433718  0.63466689  0.58923649 -0.33000032  0.00504924  0.95637507
   0.70185506  0.50566239  0.78144792  0.28969067]
 [ 0.48651099  0.79385092  0.4538345  -0.20557608 -0.01867338  0.70185506
   0.98280725  0.81496463  0.64701041  0.19289318]
 [ 0.2622818   0.68364979  0.35494803 -0.39741708 -0.41358777  0.50566239
   0.81496463  0.99591683  0.47986883 -0.17929839]
 [ 0.58590544  0.71215441  0.28333119 -0.65244297 -0.03059393  0.78144792
   0.64701041  0.47986883 -1.28106189  0.09858569]
 [ 0.43816757 -0.03488304  0.33291039  0.53686074  0.44561056  0.28969067
   0.19289318 -0.17929839  0.09858569  0.99801451]]

------------

pcp: 

L: 
[[ 0.84305978  0.3196936   0.62690087 -0.07868269  0.52850203  0.78727883
   0.44440982  0.27528812  0.61277725  0.43181329]
 [ 0.31969326  0.92131687  0.26581974 -0.61238974 -0.19470861  0.62402924
   0.80826174  0.76213753  0.74321565 -0.10667991]
 [ 0.62690201  0.26581826  0.52881284  0.07174558  0.24347617  0.59368537
   0.44792176  0.30645359  0.38617957  0.33397087]
 [-0.07868319 -0.61238668  0.07174321  0.87493433 -0.0738109  -0.33066015
  -0.21141815 -0.39864389 -0.6537618   0.32598988]
 [ 0.52850179 -0.19470861  0.24347586 -0.07381086  0.82969508  0.33543675
  -0.2280454  -0.35001243  0.32097184  0.38661465]
 [ 0.78727836  0.62402818  0.59368596 -0.33065883  0.33543592  0.86089537
   0.67467308  0.51492412  0.78331437  0.28908007]
 [ 0.44440903  0.80826197  0.44792144 -0.21141909 -0.22804548  0.67467383
   0.92145834  0.75228702  0.59257623  0.11651338]
 [ 0.27528818  0.76213794  0.3064543  -0.39864445 -0.35001189  0.51492416
   0.75228659  0.78531348  0.51431841 -0.14873023]
 [ 0.61277217  0.74321666  0.38617822 -0.65376212  0.32096591  0.78331285
   0.59257783  0.51431927  0.89606549  0.09820929]
 [ 0.43181285 -0.10667843  0.33397323  0.32599759  0.38660651  0.28908012
   0.11652035 -0.14872611  0.0982069   0.46723136]]

S: 
[[ 0.15694022 -0.          0.          0.          0.          0.01441444
  -0.          0.          0.0371006   0.        ]
 [-0.          0.07868313  0.         -0.01450173 -0.          0.
   0.         -0.          0.          0.        ]
 [ 0.          0.          0.47118716  0.05572093  0.          0.
  -0.          0.05022017 -0.         -0.        ]
 [ 0.         -0.01450479  0.0557233   0.12506567 -0.         -0.00749958
   0.01082104 -0.         -0.          0.21141263]
 [ 0.         -0.          0.         -0.          0.17030492  0.
  -0.         -0.          0.12493131  0.04224945]
 [ 0.01441491  0.          0.         -0.0075009   0.          0.13910463
   0.         -0.         -0.          0.        ]
 [-0.          0.         -0.          0.01082197 -0.          0.
   0.07854166  0.05789727  0.01003675  0.0773152 ]
 [ 0.         -0.          0.05021946 -0.         -0.         -0.
   0.05789769  0.21468652 -0.         -0.03301404]
 [ 0.03710569  0.         -0.         -0.          0.12493724 -0.
   0.01003515 -0.          0.10393451 -0.        ]
 [ 0.          0.         -0.          0.21140493  0.04225759  0.
   0.07730823 -0.03301816 -0.          0.53276864]]

------------

M: 
[[ 1.          0.3180749   0.62679735 -0.0794728   0.52813888  0.80169327
   0.44435989  0.27654698  0.64987785  0.43319826]
 [ 0.3180749   1.          0.26721106 -0.62689147 -0.19428158  0.62386722
   0.80735348  0.7629917   0.74369928 -0.1061556 ]
 [ 0.62679735  0.26721106  1.          0.12746651  0.24528586  0.59424371
   0.44886359  0.35667376  0.38333976  0.33321351]
 [-0.0794728  -0.62689147  0.12746651  1.         -0.07396503 -0.33815973
  -0.20059712 -0.39897017 -0.65300072  0.53740251]
 [ 0.52813888 -0.19428158  0.24528586 -0.07396503  1.          0.3344839
  -0.2286561  -0.34987179  0.44590316  0.4288641 ]
 [ 0.80169327  0.62386722  0.59424371 -0.33815973  0.3344839   1.
   0.67511795  0.51279748  0.78484018  0.28783921]
 [ 0.44435989  0.80735348  0.44886359 -0.20059712 -0.2286561   0.67511795
   1.          0.81018429  0.60261298  0.19382858]
 [ 0.27654698  0.7629917   0.35667376 -0.39897017 -0.34987179  0.51279748
   0.81018429  1.          0.51443113 -0.18174427]
 [ 0.64987785  0.74369928  0.38333976 -0.65300072  0.44590316  0.78484018
   0.60261298  0.51443113  1.          0.09846162]
 [ 0.43319826 -0.1061556   0.33321351  0.53740251  0.4288641   0.28783921
   0.19382858 -0.18174427  0.09846162  1.        ]]

Relative Error of L : 1.06948249755118
Relative Error of S: 6.04767003375634
