DENISE trained 10 epochs with 800000 10x10 rank 3 matrices.
DENISE: 

L: 
 [[ 2.04897475e+00  1.94999129e-01  2.27409646e-01  4.74641383e-01
  -2.69101620e-01  3.43993530e-02  2.31296822e-01  1.72464788e-01
  -2.13586897e-01 -1.24228515e-01]
 [ 1.94999129e-01  7.67833710e-01  4.98827994e-01  1.10842884e-01
  -9.41034555e-01 -8.15897435e-03  4.82484490e-01  6.46898448e-01
  -2.80525982e-01 -2.53728569e-01]
 [ 2.27409646e-01  4.98827994e-01  3.84041309e-01  4.32218909e-01
  -5.84018111e-01 -1.40088273e-03  3.39299709e-01  3.82618189e-01
  -1.83886990e-01 -1.63780928e-01]
 [ 4.74641383e-01  1.10842884e-01  4.32218909e-01  2.19315195e+00
   3.48869637e-02  1.96527317e-02  2.19251886e-01 -1.38885587e-01
  -3.82686667e-02 -2.49581430e-02]
 [-2.69101620e-01 -9.41034555e-01 -5.84018111e-01  3.48869637e-02
   1.16891670e+00  1.05337305e-02 -5.82252681e-01 -8.12939882e-01
   3.48853976e-01  3.14000249e-01]
 [ 3.43993530e-02 -8.15897435e-03 -1.40088273e-03  1.96527317e-02
   1.05337305e-02  8.29431054e-04 -2.37767003e-03 -8.15428793e-03
   5.92108641e-04  1.75826845e-03]
 [ 2.31296822e-01  4.82484490e-01  3.39299709e-01  2.19251886e-01
  -5.82252681e-01 -2.37767003e-03  3.16654831e-01  3.92816216e-01
  -1.81965828e-01 -1.61178872e-01]
 [ 1.72464788e-01  6.46898448e-01  3.82618189e-01 -1.38885587e-01
  -8.12939882e-01 -8.15428793e-03  3.92816216e-01  5.71423352e-01
  -2.40757704e-01 -2.16829941e-01]
 [-2.13586897e-01 -2.80525982e-01 -1.83886990e-01 -3.82686667e-02
   3.48853976e-01  5.92108641e-04 -1.81965828e-01 -2.40757704e-01
   1.13180071e-01  9.73653793e-02]
 [-1.24228515e-01 -2.53728569e-01 -1.63780928e-01 -2.49581430e-02
   3.14000249e-01  1.75826845e-03 -1.61178872e-01 -2.16829941e-01
   9.73653793e-02  8.59332755e-02]]

S: 
[[-1.04897475  0.39002118  0.56328657 -0.01980884 -0.00326691  0.60767051
   0.53090904  0.42193383  0.5905428   0.50213637]
 [ 0.39002118  0.23216629  0.21030771  0.03390521  0.16433922  0.34692181
   0.45066521  0.18593468  0.47626242  0.45461485]
 [ 0.56328657  0.21030771  0.61595869 -0.05157378 -0.00180426  0.45595058
   0.47098476  0.39465906  0.26960656  0.39466017]
 [-0.01980884  0.03390521 -0.05157378 -1.19315195  0.04955411  0.49909835
   0.04462704  0.21132011  0.26339528  0.46377802]
 [-0.00326691  0.16433922 -0.00180426  0.04955411 -0.1689167  -0.02418003
  -0.11989665  0.03950878  0.00495462 -0.03489703]
 [ 0.60767051  0.34692181  0.45595058  0.49909835 -0.02418003  0.99917057
   0.48959061  0.39737721  0.56422283  0.66323302]
 [ 0.53090904  0.45066521  0.47098476  0.04462704 -0.11989665  0.48959061
   0.68334517  0.46319205  0.48343754  0.37197997]
 [ 0.42193383  0.18593468  0.39465906  0.21132011  0.03950878  0.39737721
   0.46319205  0.42857665  0.3570387   0.33648445]
 [ 0.5905428   0.47626242  0.26960656  0.26339528  0.00495462  0.56422283
   0.48343754  0.3570387   0.88681993  0.51624283]
 [ 0.50213637  0.45461485  0.39466017  0.46377802 -0.03489703  0.66323302
   0.37197997  0.33648445  0.51624283  0.91406672]]

------------

pcp: 

L: 
[[ 0.42434877  0.44012061  0.57400259  0.3263158  -0.36236741  0.41708195
   0.48396169  0.51186582  0.02165049  0.26668145]
 [ 0.4469821   0.86811966  0.64856928  0.07795911 -0.79991196  0.34537818
   0.82953041  0.84567662  0.05989022  0.10651796]
 [ 0.60025473  0.6869373   0.83282305  0.38599705 -0.61627004  0.48940821
   0.7585379   0.76789155 -0.02533028  0.25266119]
 [ 0.40564978  0.1769602   0.48574481  0.55956554  0.00319449  0.68026655
   0.20932282  0.31757204  0.16087158  0.61439351]
 [-0.46467085 -0.8885755  -0.68883025 -0.05155441  0.86027599 -0.26296385
  -0.87813767 -0.86288849  0.010764   -0.00442288]
 [ 0.39101784  0.34937697  0.456009    0.4977946  -0.09713689  0.80931963
   0.29051694  0.4528393   0.31242896  0.73579449]
 [ 0.43220573  0.73964637  0.6406665   0.08246976 -0.73552422  0.20680493
   0.76375709  0.73345663 -0.05984632 -0.02398536]
 [ 0.54040367  0.85834171  0.75449873  0.24109969 -0.74573592  0.51654162
   0.83705041  0.88068461  0.09430166  0.2729201 ]
 [ 0.07422303  0.14219524  0.04638424  0.16075756  0.03263129  0.43458131
   0.03464982  0.16065758  0.28197957  0.44459748]
 [ 0.25851576  0.11182821  0.24774246  0.5052233   0.16809031  0.81430589
   0.03008252  0.2236003   0.37738385  0.82229939]]

S: 
[[ 0.57565123 -0.          0.21669362  0.          0.08999889  0.
   0.27824418  0.          0.         -0.        ]
 [-0.          0.13188034  0.         -0.         -0.         -0.00661534
   0.10361929  0.          0.          0.09436832]
 [ 0.19044149  0.          0.16717695  0.          0.         -0.00682953
   0.          0.         -0.          0.        ]
 [ 0.         -0.          0.          0.44043446  0.          0.
   0.         -0.24513752 -0.          0.        ]
 [ 0.19230232 -0.          0.          0.          0.13972401 -0.
  -0.         -0.          0.34304459  0.        ]
 [ 0.         -0.         -0.          0.         -0.          0.19068037
  -0.          0.          0.          0.        ]
 [ 0.33000013  0.1552076   0.          0.         -0.         -0.
   0.23624291 -0.          0.36131803 -0.        ]
 [ 0.          0.          0.         -0.16866517 -0.02769519  0.
  -0.          0.11931539 -0.          0.        ]
 [ 0.          0.         -0.         -0.          0.32117731  0.
   0.26682189 -0.          0.71802043  0.12198189]
 [-0.          0.08905808  0.          0.          0.          0.
  -0.          0.          0.22646865  0.17770061]]

------------

M: 
[[ 1.          0.5850203   0.79069622  0.45483254 -0.27236853  0.64206986
   0.76220586  0.59439861  0.3769559   0.37790786]
 [ 0.5850203   1.          0.7091357   0.14474809 -0.77669533  0.33876284
   0.9331497   0.83283313  0.19573644  0.20088629]
 [ 0.79069622  0.7091357   1.          0.38064513 -0.58582237  0.4545497
   0.81028447  0.77727725  0.08571957  0.23087924]
 [ 0.45483254  0.14474809  0.38064513  1.          0.08444108  0.51875109
   0.26387893  0.07243453  0.22512662  0.43881988]
 [-0.27236853 -0.77669533 -0.58582237  0.08444108  1.         -0.0136463
  -0.70214933 -0.77343111  0.3538086   0.27910322]
 [ 0.64206986  0.33876284  0.4545497   0.51875109 -0.0136463   1.
   0.48721294  0.38922292  0.56481493  0.66499129]
 [ 0.76220586  0.9331497   0.81028447  0.26387893 -0.70214933  0.48721294
   1.          0.85600826  0.30147171  0.2108011 ]
 [ 0.59439861  0.83283313  0.77727725  0.07243453 -0.77343111  0.38922292
   0.85600826  1.          0.116281    0.11965451]
 [ 0.3769559   0.19573644  0.08571957  0.22512662  0.3538086   0.56481493
   0.30147171  0.116281    1.          0.61360821]
 [ 0.37790786  0.20088629  0.23087924  0.43881988  0.27910322  0.66499129
   0.2108011   0.11965451  0.61360821  1.        ]]

Relative Error of L : 0.8091904029109475
Relative Error of S: 2.9195370713845064
