DENISE trained 10 epochs with 800000 10x10 rank 3 matrices.
DENISE: 

L: 
 [[ 2.0093493  -0.01426249  0.06663936  0.3263861  -0.04790963  0.0267556
   0.10319152  0.0630073  -0.11957495 -0.09609167]
 [-0.01426249  0.52071935  0.13932963 -0.3587423  -0.7519532  -0.0981169
   0.2910003   0.42233607 -0.15374207 -0.33334714]
 [ 0.06663936  0.13932963  0.11266103  0.2977215  -0.27438235 -0.03033285
   0.11068587  0.13742124 -0.0662264  -0.13066895]
 [ 0.3263861  -0.3587423   0.2977215   2.3048565   0.13582642  0.0455508
  -0.03117944 -0.16480699 -0.02246754  0.01479169]
 [-0.04790963 -0.7519532  -0.27438235  0.13582642  1.1569164   0.14564633
  -0.452093   -0.6335879   0.24637662  0.5216437 ]
 [ 0.0267556  -0.0981169  -0.03033285  0.0455508   0.14564633  0.01910859
  -0.05545343 -0.08015775  0.02888709  0.0641022 ]
 [ 0.10319152  0.2910003   0.11068587 -0.03117944 -0.452093   -0.05545343
   0.18024886  0.2487946  -0.10099815 -0.20710051]
 [ 0.0630073   0.42233607  0.13742124 -0.16480699 -0.6335879  -0.08015775
   0.2487946   0.35182804 -0.1354935  -0.28556946]
 [-0.11957495 -0.15374207 -0.0662264  -0.02246754  0.24637662  0.02888709
  -0.10099815 -0.1354935   0.05892396  0.11565652]
 [-0.09609167 -0.33334714 -0.13066895  0.01479169  0.5216437   0.0641022
  -0.20710051 -0.28556946  0.11565652  0.23849034]]

S: 
[[-1.00934935  0.50483577  0.75274904 -0.07292824  0.0054963   0.60940846
   0.61588431  0.43153388  0.58050914  0.42828399]
 [ 0.50483577  0.47928065  0.44434735  0.08091837  0.12813234  0.55086414
   0.62127984  0.41943098  0.65545513  0.28474831]
 [ 0.75274904  0.44434735  0.88733897 -0.05534247  0.01540284  0.50031408
   0.65011583  0.45041035  0.37790932  0.29164429]
 [-0.07292824  0.08091837 -0.05534247 -1.30485654  0.04519722  0.00877116
  -0.00685068 -0.09196988 -0.21865317  0.55942004]
 [ 0.0054963   0.12813234  0.01540284  0.04519722 -0.15691638 -0.02091376
  -0.08797966  0.03005604  0.01791939 -0.02396851]
 [ 0.60940846  0.55086414  0.50031408  0.00877116 -0.02091376  0.98089141
   0.60026001  0.52801858  0.68521878  0.36684526]
 [ 0.61588431  0.62127984  0.65011583 -0.00685068 -0.08797966  0.60026001
   0.81975114  0.59608544  0.61153867  0.30074025]
 [ 0.43153388  0.41943098  0.45041035 -0.09196988  0.03005604  0.52801858
   0.59608544  0.64817196  0.5794992   0.12404219]
 [ 0.58050914  0.65545513  0.37790932 -0.21865317  0.01791939  0.68521878
   0.61153867  0.5794992   0.94107604  0.23699017]
 [ 0.42828399  0.28474831  0.29164429  0.55942004 -0.02396851  0.36684526
   0.30074025  0.12404219  0.23699017  0.76150966]]

------------

pcp: 

L: 
[[ 0.79596235  0.46994628  0.73170371  0.25772168 -0.04524681  0.64437112
   0.70485332  0.48345018  0.46772606  0.34727176]
 [ 0.50181259  0.92087685  0.58452455 -0.241447   -0.53854343  0.45924482
   0.918632    0.86138261  0.52077609 -0.02157941]
 [ 0.69005549  0.56864257  0.73221445  0.20914432 -0.30673133  0.47324344
   0.76973366  0.56745164  0.29437696  0.15283423]
 [ 0.26970591 -0.26932067  0.25999268  0.54636756  0.19481607  0.05796314
  -0.018867   -0.28951591 -0.22774862  0.25897076]
 [-0.03194851 -0.55000318 -0.27455623  0.19840861  0.79039486  0.16307017
  -0.49211871 -0.59048216  0.16778675  0.48852624]
 [ 0.61874136  0.45272549  0.47559022  0.01300678  0.14355949  0.6820996
   0.55942394  0.41539425  0.68491107  0.42021554]
 [ 0.69179085  0.91376587  0.76941312 -0.04250303 -0.50469113  0.55818981
   1.01900541  0.85064173  0.50733605  0.09222805]
 [ 0.51033775  0.85297296  0.58177586 -0.26698067 -0.58168798  0.42079136
   0.84933064  0.92725464  0.46314679 -0.15865282]
 [ 0.47154365  0.51662191  0.29960518 -0.23096883  0.17025129  0.68015364
   0.50410166  0.45987757  0.83262303  0.38392042]
 [ 0.33960657 -0.0417788   0.17358705  0.24907534  0.48947711  0.43457509
   0.09793781 -0.18106311  0.37969081  0.57555942]]

S: 
[[ 0.20403765 -0.          0.0876847   0.          0.          0.
   0.          0.          0.         -0.        ]
 [-0.          0.07912315  0.         -0.         -0.08527741  0.
   0.         -0.          0.          0.        ]
 [ 0.12933292  0.          0.26778555  0.          0.         -0.
   0.          0.         -0.         -0.        ]
 [ 0.         -0.          0.          0.45363244 -0.01379243  0.
  -0.         -0.         -0.          0.31524097]
 [ 0.         -0.07381766  0.         -0.01738496  0.20960514 -0.
  -0.04795395 -0.          0.09650926  0.        ]
 [ 0.          0.         -0.          0.         -0.          0.3179004
  -0.          0.          0.02653185  0.        ]
 [ 0.          0.          0.         -0.         -0.03538153 -0.
   0.         -0.          0.          0.        ]
 [ 0.         -0.          0.         -0.         -0.          0.
  -0.          0.07274536  0.         -0.        ]
 [ 0.          0.         -0.         -0.          0.09404471  0.0260292
   0.          0.          0.16737697  0.        ]
 [-0.          0.         -0.          0.32513639  0.          0.
   0.         -0.          0.          0.42444058]]

------------

M: 
[[ 1.          0.49057328  0.81938841  0.25345785 -0.04241333  0.63616406
   0.71907584  0.49454119  0.46093419  0.33219233]
 [ 0.49057328  1.          0.58367697 -0.27782393 -0.62382084  0.45274725
   0.91228015  0.84176705  0.50171306 -0.04859883]
 [ 0.81938841  0.58367697  1.          0.24237903 -0.25897951  0.46998123
   0.7608017   0.58783158  0.31168292  0.16097534]
 [ 0.25345785 -0.27782393  0.24237903  1.          0.18102364  0.05432196
  -0.03803012 -0.25677687 -0.24112071  0.57421173]
 [-0.04241333 -0.62382084 -0.25897951  0.18102364  1.          0.12473258
  -0.54007266 -0.60353185  0.264296    0.49767518]
 [ 0.63616406  0.45274725  0.46998123  0.05432196  0.12473258  1.
   0.54480658  0.44786083  0.71410587  0.43094746]
 [ 0.71907584  0.91228015  0.7608017  -0.03803012 -0.54007266  0.54480658
   1.          0.84488004  0.51054052  0.09363974]
 [ 0.49454119  0.84176705  0.58783158 -0.25677687 -0.60353185  0.44786083
   0.84488004  1.          0.4440057  -0.16152726]
 [ 0.46093419  0.50171306  0.31168292 -0.24112071  0.264296    0.71410587
   0.51054052  0.4440057   1.          0.3526467 ]
 [ 0.33219233 -0.04859883  0.16097534  0.57421173  0.49767518  0.43094746
   0.09363974 -0.16152726  0.3526467   1.        ]]

Relative Error of L : 0.9196321661957938
Relative Error of S: 4.840339308693109
