DENISE trained 300 epochs with 800000 10x10 rank 3 matrices.
DENISE: 

L: 
 [[ 1.94626600e-02  5.62898852e-02  3.95152066e-03  8.37114640e-03
   2.17490152e-01  1.86484233e-02 -2.89103556e-02  6.73195114e-03
   2.67612897e-02 -3.03682545e-03]
 [ 5.62898852e-02  2.70242906e+00 -1.80828907e-02 -2.63063842e-03
   2.73710620e-02 -1.14770774e-02  1.09561794e-02  7.86680579e-02
   3.04416325e-02 -7.28067681e-02]
 [ 3.95152066e-03 -1.80828907e-02  4.26617311e-03  2.07930757e-03
   5.36168143e-02  3.06305895e-03 -7.31486129e-03  1.34048285e-03
   8.94499719e-02  3.26941954e-04]
 [ 8.37114640e-03 -2.63063842e-03  2.07930757e-03  3.88570689e-03
   9.99579579e-02  8.68006144e-03 -1.34417759e-02  2.28420179e-03
   1.38199022e-02 -6.25169778e-04]
 [ 2.17490152e-01  2.73710620e-02  5.36168143e-02  9.99579579e-02
   2.57488346e+00  2.22714782e-01 -3.45743865e-01  6.17266484e-02
   3.76186341e-01 -1.86103303e-02]
 [ 1.86484233e-02 -1.14770774e-02  3.06305895e-03  8.68006144e-03
   2.22714782e-01  2.02579666e-02 -2.99721360e-02  4.61115316e-03
  -1.28190555e-02 -1.35557761e-03]
 [-2.89103556e-02  1.09561794e-02 -7.31486129e-03 -1.34417759e-02
  -3.45743865e-01 -2.99721360e-02  4.65042479e-02 -7.86879938e-03
  -5.07602431e-02  2.10473314e-03]
 [ 6.73195114e-03  7.86680579e-02  1.34048285e-03  2.28420179e-03
   6.17266484e-02  4.61115316e-03 -7.86879938e-03  3.84865026e-03
   2.58564018e-02 -2.50048353e-03]
 [ 2.67612897e-02  3.04416325e-02  8.94499719e-02  1.38199022e-02
   3.76186341e-01 -1.28190555e-02 -5.07602431e-02  2.58564018e-02
   2.27012038e+00  2.34464952e-03]
 [-3.03682545e-03 -7.28067681e-02  3.26941954e-04 -6.25169778e-04
  -1.86103303e-02 -1.35557761e-03  2.10473314e-03 -2.50048353e-03
   2.34464952e-03  2.10063066e-03]]

S: 
[[ 0.98053734  0.27911481  0.7444182   0.09517103  0.00513687  0.63814169
   0.62319074  0.3557811   0.42209708  0.38703183]
 [ 0.27911481 -1.70242906  0.41040031 -0.515187   -0.45989112  0.53413286
   0.85484345  0.72035574  0.59103768 -0.04326086]
 [ 0.7444182   0.41040031  0.99573383  0.14857825 -0.03402785  0.50767167
   0.60187545  0.45477949  0.2070844   0.24288968]
 [ 0.09517103 -0.515187    0.14857825  0.99611429 -0.01115473 -0.20361957
  -0.16013841 -0.36085763 -0.55699199  0.58448091]
 [ 0.00513687 -0.45989112 -0.03402785 -0.01115473 -1.57488346  0.00409773
  -0.01990521 -0.54395774 -0.03180535  0.48452046]
 [ 0.63814169  0.53413286  0.50767167 -0.20361957  0.00409773  0.97974203
   0.64794016  0.46751729  0.75137347  0.33010258]
 [ 0.62319074  0.85484345  0.60187545 -0.16013841 -0.01990521  0.64794016
   0.95349575  0.83682373  0.60249828  0.13570136]
 [ 0.3557811   0.72035574  0.45477949 -0.36085763 -0.54395774  0.46751729
   0.83682373  0.99615135  0.44133803 -0.18768187]
 [ 0.42209708  0.59103768  0.2070844  -0.55699199 -0.03180535  0.75137347
   0.60249828  0.44133803 -1.27012038  0.14193149]
 [ 0.38703183 -0.04326086  0.24288968  0.58448091  0.48452046  0.33010258
   0.13570136 -0.18768187  0.14193149  0.99789937]]

------------

pcp: 

L: 
[[ 0.7158587   0.3410398   0.59101756  0.09469131  0.22998616  0.64795917
   0.58779125  0.35417746  0.45612552  0.37659804]
 [ 0.34195511  0.85635101  0.35393418 -0.45865844 -0.37899218  0.5112769
   0.83282156  0.79173189  0.62448166 -0.11482393]
 [ 0.58978482  0.35973686  0.53711016  0.11047249  0.00704131  0.5016451
   0.59315736  0.4161431   0.30405777  0.23521767]
 [ 0.09025605 -0.45969409  0.10866411  0.69699343  0.08243925 -0.21617873
  -0.17466542 -0.36837355 -0.54402133  0.26854469]
 [ 0.23044393 -0.38246173  0.01127469  0.08033888  0.81828639  0.24316522
  -0.35782105 -0.47326016  0.23415127  0.4337401 ]
 [ 0.62900031  0.50360231  0.48384525 -0.21941634  0.23915563  0.71241204
   0.60260216  0.43997019  0.69514131  0.27712576]
 [ 0.58405298  0.83851279  0.58547144 -0.168246   -0.36397517  0.6136891
   1.00251282  0.81588452  0.54219361  0.06821494]
 [ 0.35099643  0.78860361  0.41150464 -0.3675522  -0.47325155  0.44734215
   0.81051207  0.84966209  0.46752981 -0.19424001]
 [ 0.46021582  0.62295913  0.30434299 -0.54019405  0.23471869  0.70416659
   0.54640819  0.47068041  0.8865459   0.14748455]
 [ 0.37472452 -0.11531919  0.23253183  0.27048974  0.43568065  0.28426624
   0.06720196 -0.19367891  0.14567512  0.4404159 ]]

S: 
[[ 0.2841413  -0.          0.15735217  0.          0.          0.
   0.          0.          0.         -0.        ]
 [-0.          0.14364899  0.03838324 -0.0591592  -0.05352787  0.
   0.03297807 -0.          0.          0.        ]
 [ 0.15858491  0.03258056  0.46288984  0.04018506  0.01254766  0.
  -0.          0.03997687 -0.         -0.        ]
 [ 0.         -0.05812355  0.04199345  0.30300657 -0.          0.
   0.         -0.         -0.          0.31531105]
 [ 0.         -0.05005833  0.00831427 -0.          0.18171361 -0.
  -0.         -0.          0.11022972  0.03217003]
 [ 0.          0.          0.          0.         -0.          0.28758796
  -0.          0.02581671  0.0434131   0.05162124]
 [ 0.          0.02728684 -0.          0.         -0.         -0.
   0.          0.          0.          0.06959116]
 [ 0.         -0.          0.04461533 -0.         -0.          0.0247863
   0.          0.15033791 -0.         -0.        ]
 [ 0.          0.         -0.         -0.          0.1096623   0.03438782
   0.         -0.          0.1134541  -0.        ]
 [-0.          0.         -0.          0.313366    0.03022948  0.04448076
   0.07060413 -0.         -0.          0.5595841 ]]

------------

M: 
[[ 1.          0.3354047   0.74836973  0.10354217  0.22262703  0.65679011
   0.59428038  0.36251306  0.44885837  0.383995  ]
 [ 0.3354047   1.          0.39231742 -0.51781764 -0.43252006  0.52265578
   0.86579963  0.7990238   0.62147931 -0.11606763]
 [ 0.74836973  0.39231742  1.          0.15065756  0.01958896  0.51073473
   0.59456059  0.45611997  0.29653437  0.24321663]
 [ 0.10354217 -0.51781764  0.15065756  1.          0.08880323 -0.19493951
  -0.17358018 -0.35857343 -0.54317209  0.58385574]
 [ 0.22262703 -0.43252006  0.01958896  0.08880323  1.          0.22681251
  -0.36564907 -0.48223109  0.34438099  0.46591013]
 [ 0.65679011  0.52265578  0.51073473 -0.19493951  0.22681251  1.
   0.61796803  0.47212845  0.73855441  0.328747  ]
 [ 0.59428038  0.86579963  0.59456059 -0.17358018 -0.36564907  0.61796803
   1.          0.82895493  0.55173803  0.13780609]
 [ 0.36251306  0.7990238   0.45611997 -0.35857343 -0.48223109  0.47212845
   0.82895493  1.          0.46719443 -0.19018236]
 [ 0.44885837  0.62147931  0.29653437 -0.54317209  0.34438099  0.73855441
   0.55173803  0.46719443  1.          0.14427614]
 [ 0.383995   -0.11606763  0.24321663  0.58385574  0.46591013  0.328747
   0.13780609 -0.19018236  0.14427614  1.        ]]

Relative Error of L : 1.1093197621073279
Relative Error of S: 4.946895632598629
