DENISE trained 10 epochs with 800000 10x10 rank 3 matrices.
DENISE: 

L: 
 [[ 2.00025058e+00  5.14297448e-02  1.11612126e-01  3.29918802e-01
  -1.37523949e-01  1.72042064e-02  1.48065180e-01  1.03790678e-01
  -1.48594484e-01 -1.28614515e-01]
 [ 5.14297448e-02  5.64886808e-01  2.12185353e-01 -2.35371605e-01
  -7.99888968e-01 -1.07108295e-01  3.45931053e-01  4.87803936e-01
  -1.71761528e-01 -3.64730865e-01]
 [ 1.11612126e-01  2.12185353e-01  1.73623577e-01  3.63008827e-01
  -3.51885200e-01 -4.12991010e-02  1.69014961e-01  1.94555104e-01
  -8.70288908e-02 -1.69084936e-01]
 [ 3.29918802e-01 -2.35371605e-01  3.63008827e-01  2.27222490e+00
   8.67981464e-02  3.81462239e-02  3.98821905e-02 -1.51163131e-01
  -3.12605947e-02  8.63614550e-04]
 [-1.37523949e-01 -7.99888968e-01 -3.51885200e-01  8.67981464e-02
   1.16092038e+00  1.52042910e-01 -5.11820853e-01 -6.97297573e-01
   2.56367236e-01  5.34507096e-01]
 [ 1.72042064e-02 -1.07108295e-01 -4.12991010e-02  3.81462239e-02
   1.52042910e-01  2.07326263e-02 -6.48865625e-02 -9.19118375e-02
   3.11939567e-02  6.85819089e-02]
 [ 1.48065180e-01  3.45931053e-01  1.69014961e-01  3.98821905e-02
  -5.11820853e-01 -6.48865625e-02  2.31309310e-01  3.05417597e-01
  -1.19098946e-01 -2.39326820e-01]
 [ 1.03790678e-01  4.87803936e-01  1.94555104e-01 -1.51163131e-01
  -6.97297573e-01 -9.19118375e-02  3.05417597e-01  4.23827112e-01
  -1.53845057e-01 -3.20447057e-01]
 [-1.48594484e-01 -1.71761528e-01 -8.70288908e-02 -3.12605947e-02
   2.56367236e-01  3.11939567e-02 -1.19098946e-01 -1.53845057e-01
   6.40708655e-02  1.22307956e-01]
 [-1.28614515e-01 -3.64730865e-01 -1.69084936e-01  8.63614550e-04
   5.34507096e-01  6.85819089e-02 -2.39326820e-01 -3.20447057e-01
   1.22307956e-01  2.48597711e-01]]

S: 
[[-1.00025058  0.49333086  0.72651881 -0.06198145  0.002978    0.61619603
   0.59999872  0.45647724  0.61503596  0.41729197]
 [ 0.49333086  0.43511319  0.39984255  0.05588634  0.13708344  0.51562032
   0.56820631  0.35591934  0.61700889  0.33586208]
 [ 0.72651881  0.39984255  0.82637642 -0.04882544  0.0080942   0.47736582
   0.61367126  0.43175498  0.36239698  0.3083485 ]
 [-0.06198145  0.05588634 -0.04882544 -1.2722249   0.04577816  0.10338929
   0.00719573  0.01700541 -0.12812459  0.52465725]
 [ 0.002978    0.13708344  0.0080942   0.04577816 -0.16092038 -0.02061067
  -0.09942854  0.03379063  0.01760941 -0.02697524]
 [ 0.61619603  0.51562032  0.47736582  0.10338929 -0.02061067  0.97926737
   0.54967884  0.48294855  0.67038549  0.42469002]
 [ 0.59999872  0.56820631  0.61367126  0.00719573 -0.09942854  0.54967884
   0.76869069  0.55856572  0.56380625  0.30817266]
 [ 0.45647724  0.35591934  0.43175498  0.01700541  0.03379063  0.48294855
   0.55856572  0.57617289  0.52384934  0.1783921 ]
 [ 0.61503596  0.61700889  0.36239698 -0.12812459  0.01760941  0.67038549
   0.56380625  0.52384934  0.93592913  0.31397999]
 [ 0.41729197  0.33586208  0.3083485   0.52465725 -0.02697524  0.42469002
   0.30817266  0.1783921   0.31397999  0.75140229]]

------------

pcp: 

L: 
[[ 0.48332982  0.53139303  0.38504102  0.02576012 -0.14245929  0.50611355
   0.53616849  0.4777723   0.52628251  0.29423031]
 [ 0.60473358  0.94991659  0.66693062 -0.06858794 -0.65326051  0.45591409
   0.94683036  0.88403134  0.47144699  0.04753146]
 [ 0.43074074  0.62185017  0.45968934  0.03799263 -0.37134597  0.35691827
   0.6344105   0.52076514  0.34589068  0.16167816]
 [ 0.07087755 -0.0458772   0.04730347  0.28540497  0.19496462  0.14458908
   0.00464205 -0.24432889  0.06732724  0.41584295]
 [-0.13208379 -0.60067225 -0.37617584  0.23722651  0.80126145  0.14270047
  -0.57145291 -0.65441179  0.1231632   0.51350181]
 [ 0.64895512  0.51656641  0.41665996  0.19635085  0.14058103  0.79947605
   0.54700855  0.37012804  0.80055846  0.70695576]
 [ 0.66966934  0.98637875  0.71868078  0.02302529 -0.61114779  0.54352295
   0.99966721  0.85256953  0.53604626  0.20074835]
 [ 0.50119948  0.87464059  0.55511433 -0.26923664 -0.69427496  0.32858747
   0.83429232  0.96544272  0.40291857 -0.23700317]
 [ 0.59110881  0.46824923  0.34530535  0.07038993  0.12745138  0.73267929
   0.47497142  0.42216952  0.77253077  0.53924902]
 [ 0.33779324  0.01346605  0.11283768  0.39907268  0.50710195  0.5692635
   0.07727434 -0.22888187  0.50520203  0.85797889]]

S: 
[[ 5.16670182e-01 -0.00000000e+00  4.53089909e-01  0.00000000e+00
   0.00000000e+00  1.21402756e-01  7.28879684e-02  0.00000000e+00
   0.00000000e+00 -0.00000000e+00]
 [-0.00000000e+00  5.00834092e-02  0.00000000e+00 -1.10897321e-01
  -9.54500955e-03  0.00000000e+00  0.00000000e+00 -0.00000000e+00
   0.00000000e+00  0.00000000e+00]
 [ 4.07390192e-01  0.00000000e+00  5.40310664e-01  2.56815425e-01
   0.00000000e+00 -0.00000000e+00  0.00000000e+00  0.00000000e+00
  -0.00000000e+00  0.00000000e+00]
 [ 0.00000000e+00 -1.33608058e-01  2.66879921e-01  7.14595031e-01
  -6.23883150e-02  0.00000000e+00 -0.00000000e+00 -0.00000000e+00
  -2.26712432e-01  1.09677914e-01]
 [ 0.00000000e+00 -0.00000000e+00  0.00000000e+00 -0.00000000e+00
   1.98738548e-01 -0.00000000e+00 -0.00000000e+00 -0.00000000e+00
   1.50813437e-01  0.00000000e+00]
 [ 0.00000000e+00  0.00000000e+00 -0.00000000e+00  0.00000000e+00
  -0.00000000e+00  2.00523952e-01 -4.69830623e-02  2.09086713e-02
   0.00000000e+00  0.00000000e+00]
 [ 7.83945570e-02  0.00000000e+00  0.00000000e+00 -0.00000000e+00
  -1.01602914e-04 -0.00000000e+00  0.00000000e+00 -0.00000000e+00
   0.00000000e+00  0.00000000e+00]
 [ 0.00000000e+00 -0.00000000e+00  0.00000000e+00 -0.00000000e+00
  -0.00000000e+00  6.24492421e-02 -0.00000000e+00  3.45572776e-02
   0.00000000e+00 -0.00000000e+00]
 [ 0.00000000e+00  0.00000000e+00 -0.00000000e+00 -2.29775120e-01
   1.46525259e-01  0.00000000e+00  0.00000000e+00  0.00000000e+00
   2.27469230e-01  0.00000000e+00]
 [-0.00000000e+00  0.00000000e+00  0.00000000e+00  1.26448178e-01
   0.00000000e+00  0.00000000e+00  0.00000000e+00 -0.00000000e+00
   0.00000000e+00  1.42021115e-01]]

------------

M: 
[[ 1.          0.5447606   0.83813093  0.26793735 -0.13454595  0.63340024
   0.7480639   0.56026792  0.46644148  0.28867745]
 [ 0.5447606   1.          0.61202791 -0.17948526 -0.66280552  0.40851202
   0.91413736  0.84372327  0.44524736 -0.02886879]
 [ 0.83813093  0.61202791  1.          0.31418339 -0.343791    0.43606672
   0.78268622  0.62631008  0.27536809  0.13926356]
 [ 0.26793735 -0.17948526  0.31418339  1.          0.13257631  0.14153551
   0.04707792 -0.13415772 -0.15938519  0.52552086]
 [-0.13454595 -0.66280552 -0.343791    0.13257631  1.          0.13143224
  -0.61124939 -0.66350694  0.27397664  0.50753185]
 [ 0.63340024  0.40851202  0.43606672  0.14153551  0.13143224  1.
   0.48479228  0.39103671  0.70157944  0.49327193]
 [ 0.7480639   0.91413736  0.78268622  0.04707792 -0.61124939  0.48479228
   1.          0.86398332  0.44470731  0.06884584]
 [ 0.56026792  0.84372327  0.62631008 -0.13415772 -0.66350694  0.39103671
   0.86398332  1.          0.37000428 -0.14205496]
 [ 0.46644148  0.44524736  0.27536809 -0.15938519  0.27397664  0.70157944
   0.44470731  0.37000428  1.          0.43628795]
 [ 0.28867745 -0.02886879  0.13926356  0.52552086  0.50753185  0.49327193
   0.06884584 -0.14205496  0.43628795  1.        ]]

Relative Error of L : 0.9467177174028609
Relative Error of S: 3.3679798200933124
