DENISE trained 300 epochs with 800000 10x10 rank 3 matrices.
DENISE: 

L: 
 [[ 2.1328278e-02  4.7067016e-02 -4.1581485e-03 -8.1333881e-03
  -2.2798814e-01 -5.0106510e-03  6.0527708e-02 -3.9566420e-03
  -8.2819685e-03  5.5717822e-04]
 [ 4.7067016e-02  2.7032351e+00 -1.5702669e-02 -1.8624464e-03
   2.8090859e-02 -1.2528112e-02  2.1293515e-03  7.8033939e-02
   3.1743150e-02 -7.7115536e-02]
 [-4.1581485e-03 -1.5702669e-02  4.2585474e-03  1.9012560e-03
   5.3220462e-02 -1.3780809e-04 -1.3393988e-02  1.1226273e-03
   8.9638621e-02  2.9144844e-04]
 [-8.1333881e-03 -1.8624464e-03  1.9012560e-03  3.2380861e-03
   9.1277398e-02  1.7856609e-03 -2.4094788e-02  2.1048211e-03
   1.2611991e-02 -6.7621970e-04]
 [-2.2798814e-01  2.8090859e-02  5.3220462e-02  9.1277398e-02
   2.5753953e+00  4.9967054e-02 -6.7953634e-01  6.1701998e-02
   3.5835403e-01 -2.1367807e-02]
 [-5.0106510e-03 -1.2528112e-02 -1.3780809e-04  1.7856609e-03
   4.9967054e-02  1.5424787e-03 -1.3518482e-02  6.9496746e-04
  -2.6811875e-02 -1.5285207e-04]
 [ 6.0527708e-02  2.1293515e-03 -1.3393988e-02 -2.4094788e-02
  -6.7953634e-01 -1.3518482e-02  1.7949706e-01 -1.5935078e-02
  -7.5446226e-02  5.4289075e-03]
 [-3.9566420e-03  7.8033939e-02  1.1226273e-03  2.1048211e-03
   6.1701998e-02  6.9496746e-04 -1.5935078e-02  3.7245634e-03
   1.7825151e-02 -2.6847504e-03]
 [-8.2819685e-03  3.1743150e-02  8.9638621e-02  1.2611991e-02
   3.5835403e-01 -2.6811875e-02 -7.5446226e-02  1.7825151e-02
   2.2686009e+00  3.5001996e-03]
 [ 5.5717822e-04 -7.7115536e-02  2.9144844e-04 -6.7621970e-04
  -2.1367807e-02 -1.5285207e-04  5.4289075e-03 -2.6847504e-03
   3.5001996e-03  2.3879344e-03]]

S: 
[[ 0.97867172  0.51365703  0.79863649  0.48084656  0.00805079  0.64276823
   0.68414864  0.56887806  0.43039366  0.34620899]
 [ 0.51365703 -1.70323515  0.70072833  0.15321996 -0.7947442   0.31425853
   0.9333165   0.7588093   0.19494686  0.17237903]
 [ 0.79863649  0.70072833  0.99574145  0.42709289 -0.56379652  0.45341367
   0.82253071  0.72784525  0.07716577  0.16901115]
 [ 0.48084656  0.15321996  0.42709289  0.99676191 -0.00960389  0.52744226
   0.28855113  0.08830771  0.20535499  0.45559143]
 [ 0.00805079 -0.7947442  -0.56379652 -0.00960389 -1.57539535  0.00209099
  -0.02050651 -0.82884655 -0.03092381  0.45451094]
 [ 0.64276823  0.31425853  0.45341367  0.52744226  0.00209099  0.99845752
   0.46688741  0.34480267  0.62737563  0.66442743]
 [ 0.68414864  0.9333165   0.82253071  0.28855113 -0.02050651  0.46688741
   0.82050294  0.89057547  0.39401693  0.11783746]
 [ 0.56887806  0.7588093   0.72784525  0.08830771 -0.82884655  0.34480267
   0.89057547  0.99627544  0.16129982 -0.02785057]
 [ 0.43039366  0.19494686  0.07716577  0.20535499 -0.03092381  0.62737563
   0.39401693  0.16129982 -1.26860094  0.67109615]
 [ 0.34620899  0.17237903  0.16901115  0.45559143  0.45451094  0.66442743
   0.11783746 -0.02785057  0.67109615  0.99761207]]

------------

pcp: 

L: 
[[ 0.65469291  0.5175506   0.52669128  0.3144326  -0.27625202  0.49539135
   0.65237125  0.52820824  0.50250372  0.41208077]
 [ 0.65393495  0.88892189  0.73996555  0.19211204 -0.77214193  0.32730726
   0.96449595  0.88392799  0.27006597  0.06459699]
 [ 0.60377593  0.69260936  0.64361495  0.20739281 -0.60414953  0.29726125
   0.78778282  0.71476537  0.23950196  0.09154694]
 [ 0.32811975  0.12547069  0.1827912   0.20296314  0.04780539  0.31626018
   0.21369633  0.13382378  0.3463063   0.34218845]
 [-0.17117936 -0.68035075 -0.48421899  0.10813582  0.85969445  0.1767798
  -0.63391803 -0.68099478  0.29550665  0.48584396]
 [ 0.70871387  0.33481024  0.402207    0.42777461  0.07157072  0.70820877
   0.51090165  0.33179277  0.78533981  0.75489857]
 [ 0.79781736  0.91358528  0.81064802  0.28825648 -0.72524186  0.46498829
   1.03384998  0.91853795  0.41983274  0.22244467]
 [ 0.56796377  0.82219783  0.6869283   0.14499258 -0.76562838  0.23336802
   0.88215131  0.82542125  0.1627349  -0.03029879]
 [ 0.52525738  0.21388753  0.22754433  0.34616623  0.19148225  0.63377239
   0.34231515  0.18119179  0.73725714  0.72218323]
 [ 0.36424089 -0.04879518  0.02107822  0.31290112  0.4383603   0.5712131
   0.06811941 -0.07784109  0.69563758  0.74477323]]

S: 
[[ 0.34530709 -0.          0.26778706  0.          0.04989249  0.
   0.0923051   0.          0.         -0.0653146 ]
 [-0.          0.11107811  0.          0.         -0.         -0.
   0.          0.          0.          0.03066651]
 [ 0.19070241  0.          0.35638505  0.22160133  0.         -0.
   0.          0.01420251 -0.0392506   0.        ]
 [ 0.          0.          0.24620295  0.79703686 -0.          0.19737723
  -0.         -0.04341126 -0.12833932  0.        ]
 [ 0.         -0.02465414  0.         -0.          0.14030555 -0.07400726
  -0.         -0.00827719  0.03192357  0.        ]
 [ 0.         -0.03006988 -0.          0.10145331 -0.01951268  0.29179123
  -0.          0.01370487  0.          0.        ]
 [ 0.          0.          0.         -0.         -0.         -0.
   0.         -0.          0.         -0.        ]
 [ 0.          0.          0.00528592 -0.05458005 -0.          0.1060318
  -0.          0.17457875  0.         -0.        ]
 [ 0.          0.         -0.06073994 -0.12819924  0.13594797  0.
   0.          0.          0.26274286  0.        ]
 [-0.01747472  0.14405868  0.          0.          0.          0.
  -0.         -0.          0.          0.25522677]]

------------

M: 
[[ 1.          0.56072405  0.79447834  0.47271317 -0.21993735  0.63775758
   0.74467635  0.56492142  0.42211169  0.34676617]
 [ 0.56072405  1.          0.68502566  0.15135751 -0.76665334  0.30173041
   0.93544585  0.83684324  0.22669001  0.0952635 ]
 [ 0.79447834  0.68502566  1.          0.42899415 -0.51057606  0.45327586
   0.80913672  0.72896788  0.16680439  0.1693026 ]
 [ 0.47271317  0.15135751  0.42899415  1.          0.08167351  0.52922792
   0.26445634  0.09041253  0.21796698  0.45491521]
 [-0.21993735 -0.76665334 -0.51057606  0.08167351  1.          0.05205804
  -0.70004285 -0.76714456  0.32743022  0.43314313]
 [ 0.63775758  0.30173041  0.45327586  0.52922792  0.05205804  1.
   0.45336892  0.34549764  0.60056376  0.66427458]
 [ 0.74467635  0.93544585  0.80913672  0.26445634 -0.70004285  0.45336892
   1.          0.87464039  0.3185707   0.12326636]
 [ 0.56492142  0.83684324  0.72896788  0.09041253 -0.76714456  0.34549764
   0.87464039  1.          0.17912497 -0.03053532]
 [ 0.42211169  0.22669001  0.16680439  0.21796698  0.32743022  0.60056376
   0.3185707   0.17912497  1.          0.67459635]
 [ 0.34676617  0.0952635   0.1693026   0.45491521  0.43314313  0.66427458
   0.12326636 -0.03053532  0.67459635  1.        ]]

Relative Error of L : 1.0869335546293106
Relative Error of S: 4.65636794969696
