DENISE trained 300 epochs with 800000 10x10 rank 3 matrices.
DENISE: 

L: 
 [[ 2.1328278e-02  4.7067016e-02 -4.1581485e-03 -8.1333881e-03
  -2.2798814e-01 -5.0106510e-03  6.0527708e-02 -3.9566420e-03
  -8.2819685e-03  5.5717822e-04]
 [ 4.7067016e-02  2.7032351e+00 -1.5702669e-02 -1.8624464e-03
   2.8090859e-02 -1.2528112e-02  2.1293515e-03  7.8033939e-02
   3.1743150e-02 -7.7115536e-02]
 [-4.1581485e-03 -1.5702669e-02  4.2585474e-03  1.9012560e-03
   5.3220462e-02 -1.3780809e-04 -1.3393988e-02  1.1226273e-03
   8.9638621e-02  2.9144844e-04]
 [-8.1333881e-03 -1.8624464e-03  1.9012560e-03  3.2380861e-03
   9.1277398e-02  1.7856609e-03 -2.4094788e-02  2.1048211e-03
   1.2611991e-02 -6.7621970e-04]
 [-2.2798814e-01  2.8090859e-02  5.3220462e-02  9.1277398e-02
   2.5753953e+00  4.9967054e-02 -6.7953634e-01  6.1701998e-02
   3.5835403e-01 -2.1367807e-02]
 [-5.0106510e-03 -1.2528112e-02 -1.3780809e-04  1.7856609e-03
   4.9967054e-02  1.5424787e-03 -1.3518482e-02  6.9496746e-04
  -2.6811875e-02 -1.5285207e-04]
 [ 6.0527708e-02  2.1293515e-03 -1.3393988e-02 -2.4094788e-02
  -6.7953634e-01 -1.3518482e-02  1.7949706e-01 -1.5935078e-02
  -7.5446226e-02  5.4289075e-03]
 [-3.9566420e-03  7.8033939e-02  1.1226273e-03  2.1048211e-03
   6.1701998e-02  6.9496746e-04 -1.5935078e-02  3.7245634e-03
   1.7825151e-02 -2.6847504e-03]
 [-8.2819685e-03  3.1743150e-02  8.9638621e-02  1.2611991e-02
   3.5835403e-01 -2.6811875e-02 -7.5446226e-02  1.7825151e-02
   2.2686009e+00  3.5001996e-03]
 [ 5.5717822e-04 -7.7115536e-02  2.9144844e-04 -6.7621970e-04
  -2.1367807e-02 -1.5285207e-04  5.4289075e-03 -2.6847504e-03
   3.5001996e-03  2.3879344e-03]]

S: 
[[ 0.97867172  0.51365703  0.79863649  0.48084656  0.00805079  0.64276823
   0.68414864  0.56887806  0.43039366  0.34620899]
 [ 0.51365703 -1.70323515  0.70072833  0.15321996 -0.7947442   0.31425853
   0.9333165   0.7588093   0.19494686  0.17237903]
 [ 0.79863649  0.70072833  0.99574145  0.42709289 -0.56379652  0.45341367
   0.82253071  0.72784525  0.07716577  0.16901115]
 [ 0.48084656  0.15321996  0.42709289  0.99676191 -0.00960389  0.52744226
   0.28855113  0.08830771  0.20535499  0.45559143]
 [ 0.00805079 -0.7947442  -0.56379652 -0.00960389 -1.57539535  0.00209099
  -0.02050651 -0.82884655 -0.03092381  0.45451094]
 [ 0.64276823  0.31425853  0.45341367  0.52744226  0.00209099  0.99845752
   0.46688741  0.34480267  0.62737563  0.66442743]
 [ 0.68414864  0.9333165   0.82253071  0.28855113 -0.02050651  0.46688741
   0.82050294  0.89057547  0.39401693  0.11783746]
 [ 0.56887806  0.7588093   0.72784525  0.08830771 -0.82884655  0.34480267
   0.89057547  0.99627544  0.16129982 -0.02785057]
 [ 0.43039366  0.19494686  0.07716577  0.20535499 -0.03092381  0.62737563
   0.39401693  0.16129982 -1.26860094  0.67109615]
 [ 0.34620899  0.17237903  0.16901115  0.45559143  0.45451094  0.66442743
   0.11783746 -0.02785057  0.67109615  0.99761207]]

------------

pcp: 

L: 
[[ 0.82248341  0.52325676  0.74300561  0.48323901 -0.24556156  0.76531025
   0.68604984  0.50961464  0.48835166  0.42454625]
 [ 0.46390561  0.71059086  0.5756757   0.02558977 -0.70239208  0.29501347
   0.67195442  0.63503678  0.2112923  -0.08777295]
 [ 0.59137055  0.45558707  0.69118455  0.34671253 -0.41245408  0.40359574
   0.54300813  0.45724527  0.07791604  0.06395685]
 [ 0.55774197  0.19810802  0.49950894  0.44086569 -0.00902929  0.51857444
   0.3556848   0.22498076  0.24293135  0.33430606]
 [-0.24945999 -0.64729613 -0.5320292   0.0990989   0.86123212  0.04484073
  -0.53871044 -0.58691136  0.1789715   0.4284722 ]
 [ 0.67163125  0.30043155  0.44113256  0.42696461  0.09048554  0.77844169
   0.47756442  0.28736281  0.66030304  0.6123466 ]
 [ 0.80384244  0.93485366  0.8863764   0.22077913 -0.81534252  0.60812245
   0.9609669   0.85246981  0.41066772  0.08055353]
 [ 0.64378008  0.92110636  0.80780777  0.08637379 -0.92022467  0.39906462
   0.88666361  0.83330233  0.23460336 -0.11763853]
 [ 0.41394765  0.14321508  0.07352054  0.2213625   0.29688599  0.66681516
   0.27232511  0.10690935  0.78841272  0.66734773]
 [ 0.39737132 -0.04816316  0.06898706  0.34785132  0.46797029  0.63627463
   0.13153587 -0.03954287  0.64504129  0.69060806]]

S: 
[[ 1.77516586e-01 -0.00000000e+00  5.14727314e-02  0.00000000e+00
   2.56242166e-02  0.00000000e+00  5.86265129e-02  0.00000000e+00
   0.00000000e+00 -7.77800815e-02]
 [-0.00000000e+00  2.89409140e-01  0.00000000e+00  0.00000000e+00
  -3.80071616e-02 -0.00000000e+00  2.45354673e-01  0.00000000e+00
   0.00000000e+00  1.83036446e-01]
 [ 2.03107786e-01  0.00000000e+00  3.08815451e-01  0.00000000e+00
   0.00000000e+00 -0.00000000e+00  0.00000000e+00  2.71722607e-01
  -0.00000000e+00  0.00000000e+00]
 [ 0.00000000e+00  0.00000000e+00  0.00000000e+00  5.59134313e-01
  -0.00000000e+00  1.06534804e-02 -0.00000000e+00 -1.34568230e-01
  -2.49643628e-02  0.00000000e+00]
 [ 2.95226396e-02 -7.46695800e-02  0.00000000e+00 -0.00000000e+00
   1.38767884e-01 -0.00000000e+00 -0.00000000e+00 -5.93444526e-02
   1.48458716e-01  0.00000000e+00]
 [ 0.00000000e+00 -0.00000000e+00 -0.00000000e+00  1.02263302e-01
  -3.84274945e-02  2.21558310e-01 -0.00000000e+00  5.81348307e-02
   0.00000000e+00  0.00000000e+00]
 [ 0.00000000e+00  3.40180946e-04  0.00000000e+00 -0.00000000e+00
  -0.00000000e+00 -0.00000000e+00  6.30444537e-03 -0.00000000e+00
   0.00000000e+00 -0.00000000e+00]
 [ 0.00000000e+00  0.00000000e+00  0.00000000e+00 -0.00000000e+00
  -0.00000000e+00  0.00000000e+00 -0.00000000e+00  1.66697674e-01
   0.00000000e+00 -0.00000000e+00]
 [ 0.00000000e+00  0.00000000e+00 -0.00000000e+00 -3.39551898e-03
   3.05442328e-02  0.00000000e+00  2.59149814e-04  0.00000000e+00
   2.11587282e-01  7.24862075e-03]
 [-5.06051504e-02  1.43426652e-01  0.00000000e+00  7.07452896e-02
   0.00000000e+00  0.00000000e+00 -0.00000000e+00 -0.00000000e+00
   2.95550647e-02  3.09391943e-01]]

------------

M: 
[[ 1.          0.56072405  0.79447834  0.47271317 -0.21993735  0.63775758
   0.74467635  0.56492142  0.42211169  0.34676617]
 [ 0.56072405  1.          0.68502566  0.15135751 -0.76665334  0.30173041
   0.93544585  0.83684324  0.22669001  0.0952635 ]
 [ 0.79447834  0.68502566  1.          0.42899415 -0.51057606  0.45327586
   0.80913672  0.72896788  0.16680439  0.1693026 ]
 [ 0.47271317  0.15135751  0.42899415  1.          0.08167351  0.52922792
   0.26445634  0.09041253  0.21796698  0.45491521]
 [-0.21993735 -0.76665334 -0.51057606  0.08167351  1.          0.05205804
  -0.70004285 -0.76714456  0.32743022  0.43314313]
 [ 0.63775758  0.30173041  0.45327586  0.52922792  0.05205804  1.
   0.45336892  0.34549764  0.60056376  0.66427458]
 [ 0.74467635  0.93544585  0.80913672  0.26445634 -0.70004285  0.45336892
   1.          0.87464039  0.3185707   0.12326636]
 [ 0.56492142  0.83684324  0.72896788  0.09041253 -0.76714456  0.34549764
   0.87464039  1.          0.17912497 -0.03053532]
 [ 0.42211169  0.22669001  0.16680439  0.21796698  0.32743022  0.60056376
   0.3185707   0.17912497  1.          0.67459635]
 [ 0.34676617  0.0952635   0.1693026   0.45491521  0.43314313  0.66427458
   0.12326636 -0.03053532  0.67459635  1.        ]]

Relative Error of L : 1.1024246391513812
Relative Error of S: 5.632197890298845
