DENISE trained 10 epochs with 800000 10x10 rank 3 matrices.
DENISE: 

L: 
 [[ 2.268484   -0.15620607  0.01038773  0.07598325  0.48950148  0.1455933
   0.01878919 -0.06243549  0.1362535   0.06782183]
 [-0.15620607  0.21162595 -0.06100507 -0.6151902  -0.2335982  -0.08220443
   0.06369437  0.09555408 -0.08180501 -0.08299422]
 [ 0.01038773 -0.06100507  0.04431633  0.05931649  0.21235225  0.06790102
  -0.0411431  -0.07384405  0.08135677  0.08560275]
 [ 0.07598325 -0.6151902   0.05931649  2.443217   -0.08842184  0.00797173
  -0.09370621 -0.06027462 -0.05526078 -0.05285332]
 [ 0.48950148 -0.2335982   0.21235225 -0.08842184  1.1655173   0.36460954
  -0.1852102  -0.36908004  0.4398371   0.44693416]
 [ 0.1455933  -0.08220443  0.06790102  0.00797173  0.36460954  0.1146232
  -0.05996909 -0.11718237  0.13748635  0.14006925]
 [ 0.01878919  0.06369437 -0.0411431  -0.09370621 -0.1852102  -0.05996909
   0.03921157  0.06732615 -0.07126817 -0.07605833]
 [-0.06243549  0.09555408 -0.07384405 -0.06027462 -0.36908004 -0.11718237
   0.06732615  0.12461517 -0.14071795 -0.14643356]
 [ 0.1362535  -0.08180501  0.08135677 -0.05526078  0.4398371   0.13748635
  -0.07126817 -0.14071795  0.16727471  0.17157663]
 [ 0.06782183 -0.08299422  0.08560275 -0.05285332  0.44693416  0.14006925
  -0.07605833 -0.14643356  0.17157663  0.17841327]]

S: 
[[-1.26848412  0.47428097  0.61640963 -0.15545605  0.0386374   0.65609997
   0.42557069  0.33898248  0.51362434  0.36537643]
 [ 0.47428097  0.78837405  0.32821613 -0.01170127  0.03931662  0.70607165
   0.74365912  0.66743763  0.8255043  -0.02316138]
 [ 0.61640963  0.32821613  0.95568367  0.06815002  0.03293362  0.52634269
   0.49000668  0.43051781  0.30198299  0.24761076]
 [-0.15545605 -0.01170127  0.06815002 -1.44321704  0.01445682 -0.34613146
  -0.10689091 -0.33869554 -0.59773994  0.59025583]
 [ 0.0386374   0.03931662  0.03293362  0.01445682 -0.16551733 -0.03012564
  -0.04344591  0.01920824  0.00606606 -0.01807006]
 [ 0.65609997  0.70607165  0.52634269 -0.34613146 -0.03012564  0.8853768
   0.73508704  0.62997986  0.64735382  0.14776997]
 [ 0.42557069  0.74365912  0.49000668 -0.10689091 -0.04344591  0.73508704
   0.96078843  0.74285814  0.67388115  0.26988691]
 [ 0.33898248  0.66743763  0.43051781 -0.33869554  0.01920824  0.62997986
   0.74285814  0.87538483  0.65514908 -0.03531071]
 [ 0.51362434  0.8255043   0.30198299 -0.59773994  0.00606606  0.64735382
   0.67388115  0.65514908  0.83272529 -0.07311502]
 [ 0.36537643 -0.02316138  0.24761076  0.59025583 -0.01807006  0.14776997
   0.26988691 -0.03531071 -0.07311502  0.82158673]]

------------

pcp: 

L: 
[[ 0.84305978  0.3196936   0.62690087 -0.07868269  0.52850203  0.78727883
   0.44440982  0.27528812  0.61277725  0.43181329]
 [ 0.31969326  0.92131687  0.26581974 -0.61238974 -0.19470861  0.62402924
   0.80826174  0.76213753  0.74321565 -0.10667991]
 [ 0.62690201  0.26581826  0.52881284  0.07174558  0.24347617  0.59368537
   0.44792176  0.30645359  0.38617957  0.33397087]
 [-0.07868319 -0.61238668  0.07174321  0.87493433 -0.0738109  -0.33066015
  -0.21141815 -0.39864389 -0.6537618   0.32598988]
 [ 0.52850179 -0.19470861  0.24347586 -0.07381086  0.82969508  0.33543675
  -0.2280454  -0.35001243  0.32097184  0.38661465]
 [ 0.78727836  0.62402818  0.59368596 -0.33065883  0.33543592  0.86089537
   0.67467308  0.51492412  0.78331437  0.28908007]
 [ 0.44440903  0.80826197  0.44792144 -0.21141909 -0.22804548  0.67467383
   0.92145834  0.75228702  0.59257623  0.11651338]
 [ 0.27528818  0.76213794  0.3064543  -0.39864445 -0.35001189  0.51492416
   0.75228659  0.78531348  0.51431841 -0.14873023]
 [ 0.61277217  0.74321666  0.38617822 -0.65376212  0.32096591  0.78331285
   0.59257783  0.51431927  0.89606549  0.09820929]
 [ 0.43181285 -0.10667843  0.33397323  0.32599759  0.38660651  0.28908012
   0.11652035 -0.14872611  0.0982069   0.46723136]]

S: 
[[ 0.15694022 -0.          0.          0.          0.          0.01441444
  -0.          0.          0.0371006   0.        ]
 [-0.          0.07868313  0.         -0.01450173 -0.          0.
   0.         -0.          0.          0.        ]
 [ 0.          0.          0.47118716  0.05572093  0.          0.
  -0.          0.05022017 -0.         -0.        ]
 [ 0.         -0.01450479  0.0557233   0.12506567 -0.         -0.00749958
   0.01082104 -0.         -0.          0.21141263]
 [ 0.         -0.          0.         -0.          0.17030492  0.
  -0.         -0.          0.12493131  0.04224945]
 [ 0.01441491  0.          0.         -0.0075009   0.          0.13910463
   0.         -0.         -0.          0.        ]
 [-0.          0.         -0.          0.01082197 -0.          0.
   0.07854166  0.05789727  0.01003675  0.0773152 ]
 [ 0.         -0.          0.05021946 -0.         -0.         -0.
   0.05789769  0.21468652 -0.         -0.03301404]
 [ 0.03710569  0.         -0.         -0.          0.12493724 -0.
   0.01003515 -0.          0.10393451 -0.        ]
 [ 0.          0.         -0.          0.21140493  0.04225759  0.
   0.07730823 -0.03301816 -0.          0.53276864]]

------------

M: 
[[ 1.          0.3180749   0.62679735 -0.0794728   0.52813888  0.80169327
   0.44435989  0.27654698  0.64987785  0.43319826]
 [ 0.3180749   1.          0.26721106 -0.62689147 -0.19428158  0.62386722
   0.80735348  0.7629917   0.74369928 -0.1061556 ]
 [ 0.62679735  0.26721106  1.          0.12746651  0.24528586  0.59424371
   0.44886359  0.35667376  0.38333976  0.33321351]
 [-0.0794728  -0.62689147  0.12746651  1.         -0.07396503 -0.33815973
  -0.20059712 -0.39897017 -0.65300072  0.53740251]
 [ 0.52813888 -0.19428158  0.24528586 -0.07396503  1.          0.3344839
  -0.2286561  -0.34987179  0.44590316  0.4288641 ]
 [ 0.80169327  0.62386722  0.59424371 -0.33815973  0.3344839   1.
   0.67511795  0.51279748  0.78484018  0.28783921]
 [ 0.44435989  0.80735348  0.44886359 -0.20059712 -0.2286561   0.67511795
   1.          0.81018429  0.60261298  0.19382858]
 [ 0.27654698  0.7629917   0.35667376 -0.39897017 -0.34987179  0.51279748
   0.81018429  1.          0.51443113 -0.18174427]
 [ 0.64987785  0.74369928  0.38333976 -0.65300072  0.44590316  0.78484018
   0.60261298  0.51443113  1.          0.09846162]
 [ 0.43319826 -0.1061556   0.33321351  0.53740251  0.4288641   0.28783921
   0.19382858 -0.18174427  0.09846162  1.        ]]

Relative Error of L : 0.9619455241374161
Relative Error of S: 5.439408009023875
