DENISE trained 300 epochs with 800000 10x10 rank 3 matrices.
DENISE: 

L: 
 [[ 2.1328278e-02  4.7067016e-02 -4.1581485e-03 -8.1333881e-03
  -2.2798814e-01 -5.0106510e-03  6.0527708e-02 -3.9566420e-03
  -8.2819685e-03  5.5717822e-04]
 [ 4.7067016e-02  2.7032351e+00 -1.5702669e-02 -1.8624464e-03
   2.8090859e-02 -1.2528112e-02  2.1293515e-03  7.8033939e-02
   3.1743150e-02 -7.7115536e-02]
 [-4.1581485e-03 -1.5702669e-02  4.2585474e-03  1.9012560e-03
   5.3220462e-02 -1.3780809e-04 -1.3393988e-02  1.1226273e-03
   8.9638621e-02  2.9144844e-04]
 [-8.1333881e-03 -1.8624464e-03  1.9012560e-03  3.2380861e-03
   9.1277398e-02  1.7856609e-03 -2.4094788e-02  2.1048211e-03
   1.2611991e-02 -6.7621970e-04]
 [-2.2798814e-01  2.8090859e-02  5.3220462e-02  9.1277398e-02
   2.5753953e+00  4.9967054e-02 -6.7953634e-01  6.1701998e-02
   3.5835403e-01 -2.1367807e-02]
 [-5.0106510e-03 -1.2528112e-02 -1.3780809e-04  1.7856609e-03
   4.9967054e-02  1.5424787e-03 -1.3518482e-02  6.9496746e-04
  -2.6811875e-02 -1.5285207e-04]
 [ 6.0527708e-02  2.1293515e-03 -1.3393988e-02 -2.4094788e-02
  -6.7953634e-01 -1.3518482e-02  1.7949706e-01 -1.5935078e-02
  -7.5446226e-02  5.4289075e-03]
 [-3.9566420e-03  7.8033939e-02  1.1226273e-03  2.1048211e-03
   6.1701998e-02  6.9496746e-04 -1.5935078e-02  3.7245634e-03
   1.7825151e-02 -2.6847504e-03]
 [-8.2819685e-03  3.1743150e-02  8.9638621e-02  1.2611991e-02
   3.5835403e-01 -2.6811875e-02 -7.5446226e-02  1.7825151e-02
   2.2686009e+00  3.5001996e-03]
 [ 5.5717822e-04 -7.7115536e-02  2.9144844e-04 -6.7621970e-04
  -2.1367807e-02 -1.5285207e-04  5.4289075e-03 -2.6847504e-03
   3.5001996e-03  2.3879344e-03]]

S: 
[[ 0.97867172  0.51365703  0.79863649  0.48084656  0.00805079  0.64276823
   0.68414864  0.56887806  0.43039366  0.34620899]
 [ 0.51365703 -1.70323515  0.70072833  0.15321996 -0.7947442   0.31425853
   0.9333165   0.7588093   0.19494686  0.17237903]
 [ 0.79863649  0.70072833  0.99574145  0.42709289 -0.56379652  0.45341367
   0.82253071  0.72784525  0.07716577  0.16901115]
 [ 0.48084656  0.15321996  0.42709289  0.99676191 -0.00960389  0.52744226
   0.28855113  0.08830771  0.20535499  0.45559143]
 [ 0.00805079 -0.7947442  -0.56379652 -0.00960389 -1.57539535  0.00209099
  -0.02050651 -0.82884655 -0.03092381  0.45451094]
 [ 0.64276823  0.31425853  0.45341367  0.52744226  0.00209099  0.99845752
   0.46688741  0.34480267  0.62737563  0.66442743]
 [ 0.68414864  0.9333165   0.82253071  0.28855113 -0.02050651  0.46688741
   0.82050294  0.89057547  0.39401693  0.11783746]
 [ 0.56887806  0.7588093   0.72784525  0.08830771 -0.82884655  0.34480267
   0.89057547  0.99627544  0.16129982 -0.02785057]
 [ 0.43039366  0.19494686  0.07716577  0.20535499 -0.03092381  0.62737563
   0.39401693  0.16129982 -1.26860094  0.67109615]
 [ 0.34620899  0.17237903  0.16901115  0.45559143  0.45451094  0.66442743
   0.11783746 -0.02785057  0.67109615  0.99761207]]

------------

pcp: 

L: 
[[ 0.57312242  0.54059905  0.67038761  0.44645562 -0.25511876  0.58694039
   0.54397177  0.39509424  0.36613161  0.41273628]
 [ 0.48724469  1.02703129  0.72170864  0.08647324 -0.82438351  0.35535212
   0.92251052  0.79922007  0.33208944  0.02386548]
 [ 0.52948946  0.60735015  0.75633488  0.38943435 -0.47823531  0.40606951
   0.59028982  0.48288417  0.10822958  0.13887096]
 [ 0.54298789  0.23101345  0.59434721  0.57861082  0.01888057  0.59260324
   0.28749706  0.15421576  0.26209649  0.49570692]
 [-0.21102144 -0.81998064 -0.54609561  0.11605113  0.91514811  0.07517298
  -0.70401221 -0.68913774  0.13062018  0.42791457]
 [ 0.49046756  0.28155751  0.41396347  0.44192888  0.10629013  0.66020854
   0.31846021  0.15962358  0.54756634  0.64313519]
 [ 0.63709132  1.10340984  0.8885955   0.23947454 -0.83209127  0.51620868
   1.01208593  0.85194789  0.40598734  0.15423821]
 [ 0.52491599  1.02152128  0.79109529  0.14799752 -0.83985402  0.36777036
   0.92507215  0.80166754  0.2760929   0.01413244]
 [ 0.29105674  0.25898875  0.09513415  0.1618199   0.17038196  0.54483626
   0.26309717  0.12157246  0.70725433  0.62060706]
 [ 0.4976839   0.16384445  0.31692569  0.49003571  0.32117096  0.77179179
   0.22419132  0.04305967  0.70379663  0.8404166 ]]

S: 
[[ 0.42687758 -0.          0.12409073  0.          0.          0.
   0.20070459  0.          0.         -0.06597011]
 [-0.          0.          0.          0.         -0.         -0.
   0.          0.          0.          0.07139802]
 [ 0.26498888  0.          0.24366512  0.          0.         -0.
   0.          0.23024215 -0.          0.        ]
 [ 0.          0.          0.          0.42138918 -0.          0.
  -0.         -0.06380324 -0.04412951  0.        ]
 [ 0.         -0.          0.         -0.          0.08485189 -0.02311494
  -0.         -0.07138922  0.19681004  0.        ]
 [ 0.         -0.         -0.          0.00233696 -0.01221977  0.33979146
  -0.          0.14167533  0.          0.        ]
 [ 0.10758503  0.          0.         -0.         -0.         -0.
   0.         -0.          0.         -0.        ]
 [ 0.          0.          0.         -0.05758499 -0.          0.
  -0.          0.19833246  0.         -0.        ]
 [ 0.          0.         -0.         -0.          0.15704826  0.
   0.          0.          0.29274567  0.05398929]
 [-0.15091773  0.          0.          0.          0.          0.
  -0.         -0.          0.          0.1595834 ]]

------------

M: 
[[ 1.          0.56072405  0.79447834  0.47271317 -0.21993735  0.63775758
   0.74467635  0.56492142  0.42211169  0.34676617]
 [ 0.56072405  1.          0.68502566  0.15135751 -0.76665334  0.30173041
   0.93544585  0.83684324  0.22669001  0.0952635 ]
 [ 0.79447834  0.68502566  1.          0.42899415 -0.51057606  0.45327586
   0.80913672  0.72896788  0.16680439  0.1693026 ]
 [ 0.47271317  0.15135751  0.42899415  1.          0.08167351  0.52922792
   0.26445634  0.09041253  0.21796698  0.45491521]
 [-0.21993735 -0.76665334 -0.51057606  0.08167351  1.          0.05205804
  -0.70004285 -0.76714456  0.32743022  0.43314313]
 [ 0.63775758  0.30173041  0.45327586  0.52922792  0.05205804  1.
   0.45336892  0.34549764  0.60056376  0.66427458]
 [ 0.74467635  0.93544585  0.80913672  0.26445634 -0.70004285  0.45336892
   1.          0.87464039  0.3185707   0.12326636]
 [ 0.56492142  0.83684324  0.72896788  0.09041253 -0.76714456  0.34549764
   0.87464039  1.          0.17912497 -0.03053532]
 [ 0.42211169  0.22669001  0.16680439  0.21796698  0.32743022  0.60056376
   0.3185707   0.17912497  1.          0.67459635]
 [ 0.34676617  0.0952635   0.1693026   0.45491521  0.43314313  0.66427458
   0.12326636 -0.03053532  0.67459635  1.        ]]

Relative Error of L : 1.0697249001334588
Relative Error of S: 5.7434756946829655
