DENISE trained 300 epochs with 800000 10x10 rank 3 matrices.
DENISE: 

L: 
 [[ 2.1328278e-02  4.7067016e-02 -4.1581485e-03 -8.1333881e-03
  -2.2798814e-01 -5.0106510e-03  6.0527708e-02 -3.9566420e-03
  -8.2819685e-03  5.5717822e-04]
 [ 4.7067016e-02  2.7032351e+00 -1.5702669e-02 -1.8624464e-03
   2.8090859e-02 -1.2528112e-02  2.1293515e-03  7.8033939e-02
   3.1743150e-02 -7.7115536e-02]
 [-4.1581485e-03 -1.5702669e-02  4.2585474e-03  1.9012560e-03
   5.3220462e-02 -1.3780809e-04 -1.3393988e-02  1.1226273e-03
   8.9638621e-02  2.9144844e-04]
 [-8.1333881e-03 -1.8624464e-03  1.9012560e-03  3.2380861e-03
   9.1277398e-02  1.7856609e-03 -2.4094788e-02  2.1048211e-03
   1.2611991e-02 -6.7621970e-04]
 [-2.2798814e-01  2.8090859e-02  5.3220462e-02  9.1277398e-02
   2.5753953e+00  4.9967054e-02 -6.7953634e-01  6.1701998e-02
   3.5835403e-01 -2.1367807e-02]
 [-5.0106510e-03 -1.2528112e-02 -1.3780809e-04  1.7856609e-03
   4.9967054e-02  1.5424787e-03 -1.3518482e-02  6.9496746e-04
  -2.6811875e-02 -1.5285207e-04]
 [ 6.0527708e-02  2.1293515e-03 -1.3393988e-02 -2.4094788e-02
  -6.7953634e-01 -1.3518482e-02  1.7949706e-01 -1.5935078e-02
  -7.5446226e-02  5.4289075e-03]
 [-3.9566420e-03  7.8033939e-02  1.1226273e-03  2.1048211e-03
   6.1701998e-02  6.9496746e-04 -1.5935078e-02  3.7245634e-03
   1.7825151e-02 -2.6847504e-03]
 [-8.2819685e-03  3.1743150e-02  8.9638621e-02  1.2611991e-02
   3.5835403e-01 -2.6811875e-02 -7.5446226e-02  1.7825151e-02
   2.2686009e+00  3.5001996e-03]
 [ 5.5717822e-04 -7.7115536e-02  2.9144844e-04 -6.7621970e-04
  -2.1367807e-02 -1.5285207e-04  5.4289075e-03 -2.6847504e-03
   3.5001996e-03  2.3879344e-03]]

S: 
[[ 0.97867172  0.51365703  0.79863649  0.48084656  0.00805079  0.64276823
   0.68414864  0.56887806  0.43039366  0.34620899]
 [ 0.51365703 -1.70323515  0.70072833  0.15321996 -0.7947442   0.31425853
   0.9333165   0.7588093   0.19494686  0.17237903]
 [ 0.79863649  0.70072833  0.99574145  0.42709289 -0.56379652  0.45341367
   0.82253071  0.72784525  0.07716577  0.16901115]
 [ 0.48084656  0.15321996  0.42709289  0.99676191 -0.00960389  0.52744226
   0.28855113  0.08830771  0.20535499  0.45559143]
 [ 0.00805079 -0.7947442  -0.56379652 -0.00960389 -1.57539535  0.00209099
  -0.02050651 -0.82884655 -0.03092381  0.45451094]
 [ 0.64276823  0.31425853  0.45341367  0.52744226  0.00209099  0.99845752
   0.46688741  0.34480267  0.62737563  0.66442743]
 [ 0.68414864  0.9333165   0.82253071  0.28855113 -0.02050651  0.46688741
   0.82050294  0.89057547  0.39401693  0.11783746]
 [ 0.56887806  0.7588093   0.72784525  0.08830771 -0.82884655  0.34480267
   0.89057547  0.99627544  0.16129982 -0.02785057]
 [ 0.43039366  0.19494686  0.07716577  0.20535499 -0.03092381  0.62737563
   0.39401693  0.16129982 -1.26860094  0.67109615]
 [ 0.34620899  0.17237903  0.16901115  0.45559143  0.45451094  0.66442743
   0.11783746 -0.02785057  0.67109615  0.99761207]]

------------

pcp: 

L: 
[[ 0.78204875  0.53728194  0.73422148  0.52585323 -0.24340457  0.6342789
   0.7204495   0.53868614  0.42797617  0.43630456]
 [ 0.58451714  0.85585871  0.68742975  0.15260517 -0.77341816  0.25595596
   0.92404182  0.85444468  0.2133208  -0.01392237]
 [ 0.71940507  0.66876046  0.82955962  0.42422716 -0.58036877  0.37448457
   0.83054189  0.72636136  0.10161893  0.08252942]
 [ 0.48984257  0.12926756  0.41011519  0.44345924  0.10012161  0.48005557
   0.27798133  0.13892819  0.28309504  0.40324624]
 [-0.25947224 -0.67835718 -0.50943227  0.05333741  0.87689372  0.17013028
  -0.68556563 -0.74034875  0.25707225  0.44070788]
 [ 0.66213113  0.33124731  0.4882345   0.47950398  0.07746034  0.71510439
   0.48636667  0.27881472  0.6294964   0.6404144 ]
 [ 0.77575218  0.90297014  0.82685435  0.3211042  -0.70477633  0.46937997
   1.02588241  0.89418754  0.37357212  0.18269462]
 [ 0.54556565  0.7766426   0.64763839  0.15834104 -0.70937888  0.23367897
   0.84613307  0.78270127  0.17247182 -0.02024947]
 [ 0.39026006  0.20230745  0.15457356  0.23479531  0.20983758  0.58605723
   0.26625515  0.09454902  0.70630789  0.62467033]
 [ 0.41527816 -0.03085388  0.13123265  0.39374846  0.49011533  0.68983414
   0.08259634 -0.12041961  0.70507349  0.77081923]]

S: 
[[ 0.21795125 -0.          0.06025685  0.          0.02346722  0.
   0.02422686  0.          0.         -0.08953839]
 [-0.          0.14414129  0.          0.         -0.         -0.
   0.01140404  0.          0.          0.10918587]
 [ 0.07507326  0.          0.17044038  0.          0.         -0.
   0.          0.00260652 -0.          0.        ]
 [ 0.          0.          0.          0.55654076 -0.          0.04917234
  -0.         -0.04851567 -0.06512806  0.        ]
 [ 0.03953489 -0.03370146  0.         -0.          0.12310628 -0.03909465
  -0.         -0.0267958   0.07035797  0.        ]
 [ 0.         -0.         -0.          0.04972394 -0.0254023   0.28489561
  -0.          0.06668292  0.          0.        ]
 [ 0.          0.          0.         -0.         -0.         -0.
   0.         -0.          0.         -0.        ]
 [ 0.          0.          0.         -0.06792852 -0.00311775  0.11181867
  -0.          0.21729873  0.         -0.        ]
 [ 0.          0.         -0.         -0.01682833  0.11759264  0.
   0.          0.          0.29369211  0.04992602]
 [-0.06851199  0.12611737  0.          0.          0.          0.
  -0.         -0.          0.          0.22918077]]

------------

M: 
[[ 1.          0.56072405  0.79447834  0.47271317 -0.21993735  0.63775758
   0.74467635  0.56492142  0.42211169  0.34676617]
 [ 0.56072405  1.          0.68502566  0.15135751 -0.76665334  0.30173041
   0.93544585  0.83684324  0.22669001  0.0952635 ]
 [ 0.79447834  0.68502566  1.          0.42899415 -0.51057606  0.45327586
   0.80913672  0.72896788  0.16680439  0.1693026 ]
 [ 0.47271317  0.15135751  0.42899415  1.          0.08167351  0.52922792
   0.26445634  0.09041253  0.21796698  0.45491521]
 [-0.21993735 -0.76665334 -0.51057606  0.08167351  1.          0.05205804
  -0.70004285 -0.76714456  0.32743022  0.43314313]
 [ 0.63775758  0.30173041  0.45327586  0.52922792  0.05205804  1.
   0.45336892  0.34549764  0.60056376  0.66427458]
 [ 0.74467635  0.93544585  0.80913672  0.26445634 -0.70004285  0.45336892
   1.          0.87464039  0.3185707   0.12326636]
 [ 0.56492142  0.83684324  0.72896788  0.09041253 -0.76714456  0.34549764
   0.87464039  1.          0.17912497 -0.03053532]
 [ 0.42211169  0.22669001  0.16680439  0.21796698  0.32743022  0.60056376
   0.3185707   0.17912497  1.          0.67459635]
 [ 0.34676617  0.0952635   0.1693026   0.45491521  0.43314313  0.66427458
   0.12326636 -0.03053532  0.67459635  1.        ]]

Relative Error of L : 1.0879020668837356
Relative Error of S: 6.616649096056957
