DENISE trained 300 epochs with 800000 10x10 rank 3 matrices.
DENISE: 

L: 
 [[ 9.11345612e-03  4.84062098e-02 -2.60399724e-03 -8.02449696e-03
  -1.44066930e-01 -7.64557347e-03  3.33503559e-02 -1.91860436e-03
  -1.14161921e-04 -1.89576793e-04]
 [ 4.84062098e-02  2.70299602e+00 -1.61570348e-02 -1.28478161e-03
   2.70360708e-02 -1.13690905e-02  4.84178914e-03  7.77334869e-02
   3.06385197e-02 -7.56596997e-02]
 [-2.60399724e-03 -1.61570348e-02  3.78133031e-03  2.76936940e-03
   5.11520021e-02  1.31887046e-03 -1.15049714e-02  1.07348675e-03
   8.28896388e-02  3.28683847e-04]
 [-8.02449696e-03 -1.28478161e-03  2.76936940e-03  7.85196107e-03
   1.42067626e-01  7.08379038e-03 -3.26409750e-02  3.27882497e-03
   1.47157144e-02 -1.06017583e-03]
 [-1.44066930e-01  2.70360708e-02  5.11520021e-02  1.42067626e-01
   2.57206202e+00  1.27368405e-01 -5.90588987e-01  6.09640218e-02
   3.05257589e-01 -2.04637051e-02]
 [-7.64557347e-03 -1.13690905e-02  1.31887046e-03  7.08379038e-03
   1.27368405e-01  6.99500833e-03 -2.94478368e-02  2.49260990e-03
  -2.24134531e-02 -7.89615849e-04]
 [ 3.33503559e-02  4.84178914e-03 -1.15049714e-02 -3.26409750e-02
  -5.90588987e-01 -2.94478368e-02  1.35690197e-01 -1.36440657e-02
  -6.10500202e-02  4.42164252e-03]
 [-1.91860436e-03  7.77334869e-02  1.07348675e-03  3.27882497e-03
   6.09640218e-02  2.49260990e-03 -1.36440657e-02  3.68674635e-03
   1.77758187e-02 -2.60285940e-03]
 [-1.14161921e-04  3.06385197e-02  8.28896388e-02  1.47157144e-02
   3.05257589e-01 -2.24134531e-02 -6.10500202e-02  1.77758187e-02
   2.26400495e+00  4.60693985e-03]
 [-1.89576793e-04 -7.56596997e-02  3.28683847e-04 -1.06017583e-03
  -2.04637051e-02 -7.89615849e-04  4.42164252e-03 -2.60285940e-03
   4.60693985e-03  2.29612552e-03]]

S: 
[[ 0.99088654  0.49635439  0.84073493  0.27596185  0.00952098  0.64104581
   0.71471354  0.56218653  0.46655564  0.28886703]
 [ 0.49635439 -1.70299602  0.62818494 -0.17820048 -0.68984159  0.41988111
   0.90929557  0.76598979  0.41460884  0.04679091]
 [ 0.84073493  0.62818494  0.99621867  0.31141402 -0.394943    0.43474785
   0.79419119  0.62523659  0.19247845  0.13893488]
 [ 0.27596185 -0.17820048  0.31141402  0.99214804 -0.00949132  0.13445172
   0.0797189  -0.13743654 -0.1741009   0.52658104]
 [ 0.00952098 -0.68984159 -0.394943   -0.00949132 -1.57206202  0.00406384
  -0.02066041 -0.72447096 -0.03128095  0.52799556]
 [ 0.64104581  0.41988111  0.43474785  0.13445172  0.00406384  0.99300499
   0.51424011  0.3885441   0.7239929   0.49406155]
 [ 0.71471354  0.90929557  0.79419119  0.0797189  -0.02066041  0.51424011
   0.8643098   0.87762739  0.50575733  0.0644242 ]
 [ 0.56218653  0.76598979  0.62523659 -0.13743654 -0.72447096  0.3885441
   0.87762739  0.99631325  0.35222846 -0.1394521 ]
 [ 0.46655564  0.41460884  0.19247845 -0.1741009  -0.03128095  0.7239929
   0.50575733  0.35222846 -1.26400495  0.43168101]
 [ 0.28886703  0.04679091  0.13893488  0.52658104  0.52799556  0.49406155
   0.0644242  -0.1394521   0.43168101  0.99770387]]

------------

pcp: 

L: 
[[ 0.48332982  0.53139303  0.38504102  0.02576012 -0.14245929  0.50611355
   0.53616849  0.4777723   0.52628251  0.29423031]
 [ 0.60473358  0.94991659  0.66693062 -0.06858794 -0.65326051  0.45591409
   0.94683036  0.88403134  0.47144699  0.04753146]
 [ 0.43074074  0.62185017  0.45968934  0.03799263 -0.37134597  0.35691827
   0.6344105   0.52076514  0.34589068  0.16167816]
 [ 0.07087755 -0.0458772   0.04730347  0.28540497  0.19496462  0.14458908
   0.00464205 -0.24432889  0.06732724  0.41584295]
 [-0.13208379 -0.60067225 -0.37617584  0.23722651  0.80126145  0.14270047
  -0.57145291 -0.65441179  0.1231632   0.51350181]
 [ 0.64895512  0.51656641  0.41665996  0.19635085  0.14058103  0.79947605
   0.54700855  0.37012804  0.80055846  0.70695576]
 [ 0.66966934  0.98637875  0.71868078  0.02302529 -0.61114779  0.54352295
   0.99966721  0.85256953  0.53604626  0.20074835]
 [ 0.50119948  0.87464059  0.55511433 -0.26923664 -0.69427496  0.32858747
   0.83429232  0.96544272  0.40291857 -0.23700317]
 [ 0.59110881  0.46824923  0.34530535  0.07038993  0.12745138  0.73267929
   0.47497142  0.42216952  0.77253077  0.53924902]
 [ 0.33779324  0.01346605  0.11283768  0.39907268  0.50710195  0.5692635
   0.07727434 -0.22888187  0.50520203  0.85797889]]

S: 
[[ 5.16670182e-01 -0.00000000e+00  4.53089909e-01  0.00000000e+00
   0.00000000e+00  1.21402756e-01  7.28879684e-02  0.00000000e+00
   0.00000000e+00 -0.00000000e+00]
 [-0.00000000e+00  5.00834092e-02  0.00000000e+00 -1.10897321e-01
  -9.54500955e-03  0.00000000e+00  0.00000000e+00 -0.00000000e+00
   0.00000000e+00  0.00000000e+00]
 [ 4.07390192e-01  0.00000000e+00  5.40310664e-01  2.56815425e-01
   0.00000000e+00 -0.00000000e+00  0.00000000e+00  0.00000000e+00
  -0.00000000e+00  0.00000000e+00]
 [ 0.00000000e+00 -1.33608058e-01  2.66879921e-01  7.14595031e-01
  -6.23883150e-02  0.00000000e+00 -0.00000000e+00 -0.00000000e+00
  -2.26712432e-01  1.09677914e-01]
 [ 0.00000000e+00 -0.00000000e+00  0.00000000e+00 -0.00000000e+00
   1.98738548e-01 -0.00000000e+00 -0.00000000e+00 -0.00000000e+00
   1.50813437e-01  0.00000000e+00]
 [ 0.00000000e+00  0.00000000e+00 -0.00000000e+00  0.00000000e+00
  -0.00000000e+00  2.00523952e-01 -4.69830623e-02  2.09086713e-02
   0.00000000e+00  0.00000000e+00]
 [ 7.83945570e-02  0.00000000e+00  0.00000000e+00 -0.00000000e+00
  -1.01602914e-04 -0.00000000e+00  0.00000000e+00 -0.00000000e+00
   0.00000000e+00  0.00000000e+00]
 [ 0.00000000e+00 -0.00000000e+00  0.00000000e+00 -0.00000000e+00
  -0.00000000e+00  6.24492421e-02 -0.00000000e+00  3.45572776e-02
   0.00000000e+00 -0.00000000e+00]
 [ 0.00000000e+00  0.00000000e+00 -0.00000000e+00 -2.29775120e-01
   1.46525259e-01  0.00000000e+00  0.00000000e+00  0.00000000e+00
   2.27469230e-01  0.00000000e+00]
 [-0.00000000e+00  0.00000000e+00  0.00000000e+00  1.26448178e-01
   0.00000000e+00  0.00000000e+00  0.00000000e+00 -0.00000000e+00
   0.00000000e+00  1.42021115e-01]]

------------

M: 
[[ 1.          0.5447606   0.83813093  0.26793735 -0.13454595  0.63340024
   0.7480639   0.56026792  0.46644148  0.28867745]
 [ 0.5447606   1.          0.61202791 -0.17948526 -0.66280552  0.40851202
   0.91413736  0.84372327  0.44524736 -0.02886879]
 [ 0.83813093  0.61202791  1.          0.31418339 -0.343791    0.43606672
   0.78268622  0.62631008  0.27536809  0.13926356]
 [ 0.26793735 -0.17948526  0.31418339  1.          0.13257631  0.14153551
   0.04707792 -0.13415772 -0.15938519  0.52552086]
 [-0.13454595 -0.66280552 -0.343791    0.13257631  1.          0.13143224
  -0.61124939 -0.66350694  0.27397664  0.50753185]
 [ 0.63340024  0.40851202  0.43606672  0.14153551  0.13143224  1.
   0.48479228  0.39103671  0.70157944  0.49327193]
 [ 0.7480639   0.91413736  0.78268622  0.04707792 -0.61124939  0.48479228
   1.          0.86398332  0.44470731  0.06884584]
 [ 0.56026792  0.84372327  0.62631008 -0.13415772 -0.66350694  0.39103671
   0.86398332  1.          0.37000428 -0.14205496]
 [ 0.46644148  0.44524736  0.27536809 -0.15938519  0.27397664  0.70157944
   0.44470731  0.37000428  1.          0.43628795]
 [ 0.28867745 -0.02886879  0.13926356  0.52552086  0.50753185  0.49327193
   0.06884584 -0.14205496  0.43628795  1.        ]]

Relative Error of L : 1.0952919371074046
Relative Error of S: 3.959226262781902
