DENISE trained 300 epochs with 800000 10x10 rank 3 matrices.
DENISE: 

L: 
 [[ 2.1328278e-02  4.7067016e-02 -4.1581485e-03 -8.1333881e-03
  -2.2798814e-01 -5.0106510e-03  6.0527708e-02 -3.9566420e-03
  -8.2819685e-03  5.5717822e-04]
 [ 4.7067016e-02  2.7032351e+00 -1.5702669e-02 -1.8624464e-03
   2.8090859e-02 -1.2528112e-02  2.1293515e-03  7.8033939e-02
   3.1743150e-02 -7.7115536e-02]
 [-4.1581485e-03 -1.5702669e-02  4.2585474e-03  1.9012560e-03
   5.3220462e-02 -1.3780809e-04 -1.3393988e-02  1.1226273e-03
   8.9638621e-02  2.9144844e-04]
 [-8.1333881e-03 -1.8624464e-03  1.9012560e-03  3.2380861e-03
   9.1277398e-02  1.7856609e-03 -2.4094788e-02  2.1048211e-03
   1.2611991e-02 -6.7621970e-04]
 [-2.2798814e-01  2.8090859e-02  5.3220462e-02  9.1277398e-02
   2.5753953e+00  4.9967054e-02 -6.7953634e-01  6.1701998e-02
   3.5835403e-01 -2.1367807e-02]
 [-5.0106510e-03 -1.2528112e-02 -1.3780809e-04  1.7856609e-03
   4.9967054e-02  1.5424787e-03 -1.3518482e-02  6.9496746e-04
  -2.6811875e-02 -1.5285207e-04]
 [ 6.0527708e-02  2.1293515e-03 -1.3393988e-02 -2.4094788e-02
  -6.7953634e-01 -1.3518482e-02  1.7949706e-01 -1.5935078e-02
  -7.5446226e-02  5.4289075e-03]
 [-3.9566420e-03  7.8033939e-02  1.1226273e-03  2.1048211e-03
   6.1701998e-02  6.9496746e-04 -1.5935078e-02  3.7245634e-03
   1.7825151e-02 -2.6847504e-03]
 [-8.2819685e-03  3.1743150e-02  8.9638621e-02  1.2611991e-02
   3.5835403e-01 -2.6811875e-02 -7.5446226e-02  1.7825151e-02
   2.2686009e+00  3.5001996e-03]
 [ 5.5717822e-04 -7.7115536e-02  2.9144844e-04 -6.7621970e-04
  -2.1367807e-02 -1.5285207e-04  5.4289075e-03 -2.6847504e-03
   3.5001996e-03  2.3879344e-03]]

S: 
[[ 0.97867172  0.51365703  0.79863649  0.48084656  0.00805079  0.64276823
   0.68414864  0.56887806  0.43039366  0.34620899]
 [ 0.51365703 -1.70323515  0.70072833  0.15321996 -0.7947442   0.31425853
   0.9333165   0.7588093   0.19494686  0.17237903]
 [ 0.79863649  0.70072833  0.99574145  0.42709289 -0.56379652  0.45341367
   0.82253071  0.72784525  0.07716577  0.16901115]
 [ 0.48084656  0.15321996  0.42709289  0.99676191 -0.00960389  0.52744226
   0.28855113  0.08830771  0.20535499  0.45559143]
 [ 0.00805079 -0.7947442  -0.56379652 -0.00960389 -1.57539535  0.00209099
  -0.02050651 -0.82884655 -0.03092381  0.45451094]
 [ 0.64276823  0.31425853  0.45341367  0.52744226  0.00209099  0.99845752
   0.46688741  0.34480267  0.62737563  0.66442743]
 [ 0.68414864  0.9333165   0.82253071  0.28855113 -0.02050651  0.46688741
   0.82050294  0.89057547  0.39401693  0.11783746]
 [ 0.56887806  0.7588093   0.72784525  0.08830771 -0.82884655  0.34480267
   0.89057547  0.99627544  0.16129982 -0.02785057]
 [ 0.43039366  0.19494686  0.07716577  0.20535499 -0.03092381  0.62737563
   0.39401693  0.16129982 -1.26860094  0.67109615]
 [ 0.34620899  0.17237903  0.16901115  0.45559143  0.45451094  0.66442743
   0.11783746 -0.02785057  0.67109615  0.99761207]]

------------

pcp: 

L: 
[[ 7.84197375e-01  6.09058541e-01  7.34018825e-01  4.64961280e-01
  -2.83258113e-01  6.91355724e-01  7.54563272e-01  6.20357504e-01
   4.68177453e-01  4.31169775e-01]
 [ 5.49460117e-01  8.84178600e-01  7.05559506e-01  1.37459324e-01
  -7.23460557e-01  3.01715138e-01  9.34330294e-01  8.14927180e-01
   1.72939702e-01 -6.62159930e-02]
 [ 7.03156035e-01  7.17730033e-01  8.13825829e-01  3.80831245e-01
  -5.24618856e-01  4.81048256e-01  8.27106016e-01  7.31994264e-01
   1.91470502e-01  1.29661074e-01]
 [ 4.90245674e-01  1.46332753e-01  3.78548177e-01  3.94472369e-01
   7.64360486e-02  5.11008995e-01  2.63491809e-01  1.99917138e-01
   3.36303908e-01  4.33269862e-01]
 [-2.31370770e-01 -8.07234296e-01 -5.60999615e-01  8.73632026e-02
   8.75836324e-01  1.15417983e-01 -7.77481479e-01 -7.37055446e-01
   2.41013492e-01  4.94217091e-01]
 [ 6.93747876e-01  2.45040463e-01  4.49630419e-01  5.00591796e-01
   1.54087770e-01  7.93387557e-01  4.08548495e-01  2.74275060e-01
   6.69704065e-01  7.26824358e-01]
 [ 7.23977359e-01  9.61589544e-01  8.26584703e-01  2.57440212e-01
  -7.03959552e-01  4.93889676e-01  1.05106101e+00  8.97554126e-01
   3.33376994e-01  1.02050327e-01]
 [ 5.94549752e-01  8.35364971e-01  7.38544793e-01  2.09351094e-01
  -6.66214078e-01  3.53299914e-01  9.02865250e-01  7.91091036e-01
   1.75904448e-01 -1.04868822e-02]
 [ 5.01162234e-01  1.98368688e-01  2.36351397e-01  3.12709269e-01
   1.72316428e-01  6.46230105e-01  3.15994008e-01  1.77487183e-01
   6.74021418e-01  6.45711231e-01]
 [ 4.70671345e-01 -3.32364172e-02  1.68351090e-01  3.99793355e-01
   3.80278496e-01  6.62605540e-01  1.01337693e-01 -7.62210490e-04
   6.30054275e-01  7.29167923e-01]]

S: 
[[ 0.21580262 -0.          0.05053886  0.          0.          0.
   0.          0.          0.         -0.08440361]
 [-0.          0.1158214   0.          0.         -0.         -0.
   0.          0.          0.          0.16147949]
 [ 0.0913223   0.          0.18617417  0.          0.         -0.
   0.          0.         -0.          0.        ]
 [ 0.          0.          0.          0.60552763 -0.          0.
  -0.         -0.10950461 -0.11833692  0.        ]
 [ 0.         -0.          0.         -0.          0.12416368 -0.06335994
  -0.         -0.          0.08641673  0.        ]
 [ 0.         -0.         -0.          0.         -0.07175002  0.20661244
  -0.          0.07122258  0.          0.        ]
 [ 0.02069899  0.          0.         -0.         -0.         -0.
   0.         -0.          0.         -0.        ]
 [ 0.          0.          0.         -0.11893857 -0.          0.
  -0.          0.20890896  0.         -0.        ]
 [ 0.          0.         -0.         -0.09474228  0.15511379  0.
   0.          0.          0.32597858  0.        ]
 [-0.12390518  0.12849991  0.          0.          0.          0.
  -0.         -0.          0.          0.27083208]]

------------

M: 
[[ 1.          0.56072405  0.79447834  0.47271317 -0.21993735  0.63775758
   0.74467635  0.56492142  0.42211169  0.34676617]
 [ 0.56072405  1.          0.68502566  0.15135751 -0.76665334  0.30173041
   0.93544585  0.83684324  0.22669001  0.0952635 ]
 [ 0.79447834  0.68502566  1.          0.42899415 -0.51057606  0.45327586
   0.80913672  0.72896788  0.16680439  0.1693026 ]
 [ 0.47271317  0.15135751  0.42899415  1.          0.08167351  0.52922792
   0.26445634  0.09041253  0.21796698  0.45491521]
 [-0.21993735 -0.76665334 -0.51057606  0.08167351  1.          0.05205804
  -0.70004285 -0.76714456  0.32743022  0.43314313]
 [ 0.63775758  0.30173041  0.45327586  0.52922792  0.05205804  1.
   0.45336892  0.34549764  0.60056376  0.66427458]
 [ 0.74467635  0.93544585  0.80913672  0.26445634 -0.70004285  0.45336892
   1.          0.87464039  0.3185707   0.12326636]
 [ 0.56492142  0.83684324  0.72896788  0.09041253 -0.76714456  0.34549764
   0.87464039  1.          0.17912497 -0.03053532]
 [ 0.42211169  0.22669001  0.16680439  0.21796698  0.32743022  0.60056376
   0.3185707   0.17912497  1.          0.67459635]
 [ 0.34676617  0.0952635   0.1693026   0.45491521  0.43314313  0.66427458
   0.12326636 -0.03053532  0.67459635  1.        ]]

Relative Error of L : 1.0819174067191677
Relative Error of S: 6.239662578971814
