DENISE trained 300 epochs with 800000 10x10 rank 3 matrices.
DENISE: 

L: 
 [[ 1.6145831e-02  4.7681138e-02 -3.5626963e-03 -6.5964046e-03
  -1.9674170e-01 -7.1716979e-03  5.1013280e-02 -3.2078237e-03
  -5.6146425e-03  2.5602794e-04]
 [ 4.7681138e-02  2.7030065e+00 -1.5720226e-02 -1.9719680e-03
   2.8021550e-02 -1.1901014e-02  2.5283850e-03  7.7876300e-02
   3.1667762e-02 -7.6766811e-02]
 [-3.5626963e-03 -1.5720226e-02  4.1862908e-03  1.7855960e-03
   5.2720990e-02  5.2741676e-04 -1.2992727e-02  1.1336625e-03
   8.8764325e-02  3.0203536e-04]
 [-6.5964046e-03 -1.9719680e-03  1.7855960e-03  2.8540390e-03
   8.5678048e-02  2.8816471e-03 -2.2073394e-02  1.9724893e-03
   1.2073959e-02 -6.1263453e-04]
 [-1.9674170e-01  2.8021550e-02  5.2720990e-02  8.5678048e-02
   2.5749223e+00  8.6371131e-02 -6.6315633e-01  6.1727155e-02
   3.5246071e-01 -2.0920888e-02]
 [-7.1716979e-03 -1.1901014e-02  5.2741676e-04  2.8816471e-03
   8.6371131e-02  3.5359340e-03 -2.2572903e-02  1.5567982e-03
  -2.4118897e-02 -4.5596313e-04]
 [ 5.1013280e-02  2.5283850e-03 -1.2992727e-02 -2.2073394e-02
  -6.6315633e-01 -2.2572903e-02  1.7096506e-01 -1.5547330e-02
  -7.3182136e-02  5.1696454e-03]
 [-3.2078237e-03  7.7876300e-02  1.1336625e-03  1.9724893e-03
   6.1727155e-02  1.5567982e-03 -1.5547330e-02  3.7225117e-03
   1.8350255e-02 -2.6579485e-03]
 [-5.6146425e-03  3.1667762e-02  8.8764325e-02  1.2073959e-02
   3.5246071e-01 -2.4118897e-02 -7.3182136e-02  1.8350255e-02
   2.2679758e+00  3.6529405e-03]
 [ 2.5602794e-04 -7.6766811e-02  3.0203536e-04 -6.1263453e-04
  -2.0920888e-02 -4.5596313e-04  5.1696454e-03 -2.6579485e-03
   3.6529405e-03  2.3615714e-03]]

S: 
[[ 0.98385417  0.49235377  0.80258148  0.46448498  0.01002599  0.63323495
   0.68533043  0.55227797  0.43294051  0.31202749]
 [ 0.49235377 -1.70300651  0.66756436  0.08242681 -0.76284451  0.33082685
   0.9192912   0.76437321  0.25431606  0.09593605]
 [ 0.80258148  0.66756436  0.99581371  0.46528258 -0.51623136  0.4232102
   0.81432021  0.67722879  0.08553038  0.1024089 ]
 [ 0.46448498  0.08242681  0.46528258  0.99714596 -0.0098932   0.46533088
   0.26442341  0.06942794  0.12573125  0.49136747]
 [ 0.01002599 -0.76284451 -0.51623136 -0.0098932  -1.57492232  0.00262528
  -0.01916494 -0.80551671 -0.03228461  0.52866005]
 [ 0.63323495  0.33082685  0.4232102   0.46533088  0.00262528  0.99646407
   0.46859565  0.33254841  0.64993834  0.60866022]
 [ 0.68533043  0.9192912   0.81432021  0.26442341 -0.01916494  0.46859565
   0.82903494  0.89297552  0.41454795  0.06268119]
 [ 0.55227797  0.76437321  0.67722879  0.06942794 -0.80551671  0.33254841
   0.89297552  0.99627749  0.20518466 -0.1291489 ]
 [ 0.43294051  0.25431606  0.08553038  0.12573125 -0.03228461  0.64993834
   0.41454795  0.20518466 -1.26797581  0.61675426]
 [ 0.31202749  0.09593605  0.1024089   0.49136747  0.52866005  0.60866022
   0.06268119 -0.1291489   0.61675426  0.99763843]]

------------

pcp: 

L: 
[[ 0.78969591  0.54053612  0.73406125  0.45881233 -0.20832384  0.62530761
   0.71208057  0.54852509  0.42780832  0.36686651]
 [ 0.54051662  0.89824929  0.64990921  0.08232694 -0.7141025   0.31724774
   0.91995993  0.84373688  0.2867889  -0.0369863 ]
 [ 0.73402861  0.64992262  0.82417201  0.42130103 -0.46416347  0.4229453
   0.80283289  0.64779415  0.17471329  0.10298951]
 [ 0.45880657  0.08231587  0.42133017  0.48047381  0.07568782  0.39565621
   0.23842839  0.07298879  0.13788889  0.33917017]
 [-0.20835295 -0.71402742 -0.46416606  0.07568267  0.90712517  0.08924919
  -0.67468502 -0.74324491  0.19818842  0.49920848]
 [ 0.62531131  0.31722088  0.42293758  0.39567351  0.08924362  0.72685234
   0.44913892  0.30342348  0.62549287  0.6083081 ]
 [ 0.71206255  0.9199804   0.80284994  0.2384092  -0.67472133  0.44911505
   1.00050067  0.8759606   0.33858653  0.06893196]
 [ 0.54854152  0.84372136  0.64778099  0.07298899 -0.7432475   0.30345348
   0.87595297  0.87675577  0.22512386 -0.13338666]
 [ 0.42781102  0.28680324  0.17470339  0.13789323  0.19818713  0.62549229
   0.33860546  0.22509591  0.75270589  0.62044644]
 [ 0.36692492 -0.03707237  0.10300234  0.33913046  0.49926567  0.60831042
   0.06889157 -0.13335699  0.62045265  0.77083731]]

S: 
[[ 0.21030409 -0.          0.06495754  0.          0.02160813  0.
   0.02426314  0.          0.         -0.05458299]
 [-0.          0.10175071  0.         -0.         -0.02072046 -0.
   0.00185965  0.          0.          0.05615553]
 [ 0.06499018  0.          0.17582799  0.04576714  0.         -0.
   0.          0.0305683  -0.          0.        ]
 [ 0.         -0.          0.045738    0.51952619 -0.          0.07255632
   0.         -0.         -0.          0.15158467]
 [ 0.02163725 -0.02079553  0.         -0.          0.09287483 -0.
  -0.00763626 -0.          0.12198768  0.00853068]
 [ 0.         -0.         -0.          0.07253901 -0.          0.27314766
  -0.          0.03068173  0.          0.        ]
 [ 0.02428116  0.00183918  0.          0.         -0.00759995 -0.
   0.         -0.          0.          0.        ]
 [ 0.          0.          0.03058146 -0.         -0.          0.03065173
  -0.          0.12324423  0.         -0.        ]
 [ 0.          0.         -0.         -0.          0.12198897  0.
   0.          0.          0.24729411  0.        ]
 [-0.05464141  0.05624161  0.          0.15162438  0.0084735   0.
   0.         -0.          0.          0.22916269]]

------------

M: 
[[ 1.          0.54003491  0.79901879  0.45788858 -0.18671571  0.62606325
   0.73634371  0.54907015  0.42732587  0.31228352]
 [ 0.54003491  1.          0.65184413  0.08045484 -0.73482296  0.31892584
   0.92181958  0.84224951  0.28598382  0.01916924]
 [ 0.79901879  0.65184413  1.          0.46706817 -0.46351037  0.42373762
   0.80132748  0.67836245  0.1742947   0.10271093]
 [ 0.45788858  0.08045484  0.46706817  1.          0.07578485  0.46821252
   0.24235002  0.07140043  0.13780521  0.49075483]
 [-0.18671571 -0.73482296 -0.46351037  0.07578485  1.          0.08899641
  -0.68232128 -0.74378955  0.3201761   0.50773916]
 [ 0.62606325  0.31892584  0.42373762  0.46821252  0.08899641  1.
   0.44602275  0.33410521  0.62581944  0.60820425]
 [ 0.73634371  0.92181958  0.80132748  0.24235002 -0.68232128  0.44602275
   1.          0.87742819  0.34136581  0.06785084]
 [ 0.54907015  0.84224951  0.67836245  0.07140043 -0.74378955  0.33410521
   0.87742819  1.          0.22353491 -0.13180685]
 [ 0.42732587  0.28598382  0.1742947   0.13780521  0.3201761   0.62581944
   0.34136581  0.22353491  1.          0.6204072 ]
 [ 0.31228352  0.01916924  0.10271093  0.49075483  0.50773916  0.60820425
   0.06785084 -0.13180685  0.6204072   1.        ]]

Relative Error of L : 1.0831019315136245
Relative Error of S: 7.002529850397553
