DENISE trained 300 epochs with 800000 10x10 rank 3 matrices.
DENISE: 

L: 
 [[ 2.0520238e-03  5.0212819e-02 -9.7744004e-04 -3.9782026e-03
  -5.1751591e-02 -2.8142487e-03  1.0715372e-02  2.8921370e-04
   5.8176625e-03 -9.5206720e-04]
 [ 5.0212819e-02  2.7031305e+00 -1.6886203e-02 -8.3187508e-04
   2.6577998e-02 -1.2104646e-02  7.2088493e-03  7.8164570e-02
   3.0005367e-02 -7.4976265e-02]
 [-9.7744004e-04 -1.6886203e-02  3.7370007e-03  3.7400979e-03
   5.1527809e-02  1.1935554e-03 -1.0333994e-02  1.0815817e-03
   8.1833340e-02  3.3125127e-04]
 [-3.9782026e-03 -8.3187508e-04  3.7400979e-03  1.4622480e-02
   1.9382170e-01  8.9927036e-03 -3.9182067e-02  4.4691414e-03
   1.7782418e-02 -1.4839914e-03]
 [-5.1751591e-02  2.6577998e-02  5.1527809e-02  1.9382170e-01
   2.5714216e+00  1.1807626e-01 -5.1952052e-01  6.0674090e-02
   2.9935107e-01 -2.0512402e-02]
 [-2.8142487e-03 -1.2104646e-02  1.1935554e-03  8.9927036e-03
   1.1807626e-01  6.0985037e-03 -2.3994192e-02  2.2264018e-03
  -2.3285808e-02 -6.9976109e-04]
 [ 1.0715372e-02  7.2088493e-03 -1.0333994e-02 -3.9182067e-02
  -5.1952052e-01 -2.3994192e-02  1.0503013e-01 -1.1875312e-02
  -5.5734634e-02  3.8121433e-03]
 [ 2.8921370e-04  7.8164570e-02  1.0815817e-03  4.4691414e-03
   6.0674090e-02  2.2264018e-03 -1.1875312e-02  3.7074946e-03
   1.8551113e-02 -2.5920596e-03]
 [ 5.8176625e-03  3.0005367e-02  8.1833340e-02  1.7782418e-02
   2.9935107e-01 -2.3285808e-02 -5.5734634e-02  1.8551113e-02
   2.2638233e+00  4.5050606e-03]
 [-9.5206720e-04 -7.4976265e-02  3.3125127e-04 -1.4839914e-03
  -2.0512402e-02 -6.9976109e-04  3.8121433e-03 -2.5920596e-03
   4.5050606e-03  2.2578705e-03]]

S: 
[[ 9.97947976e-01  4.40360464e-01  8.20365848e-01  2.57436052e-01
   9.33826164e-03  6.38978310e-01  7.08360466e-01  4.94251972e-01
   4.55116528e-01  3.33144393e-01]
 [ 4.40360464e-01 -1.70313048e+00  6.00563175e-01 -2.76992054e-01
  -6.50398838e-01  4.64851894e-01  9.05071302e-01  7.63602478e-01
   4.71707691e-01  2.63774343e-02]
 [ 8.20365848e-01  6.00563175e-01  9.96262999e-01  2.38638932e-01
  -3.10507324e-01  4.68787674e-01  7.71135698e-01  5.86750000e-01
   2.29849575e-01  1.60644088e-01]
 [ 2.57436052e-01 -2.76992054e-01  2.38638932e-01  9.85377520e-01
  -1.27980580e-02  4.53292577e-02  1.15194670e-03 -2.61246015e-01
  -2.58903129e-01  5.75695721e-01]
 [ 9.33826164e-03 -6.50398838e-01 -3.10507324e-01 -1.27980580e-02
  -1.57142162e+00  6.65631802e-03 -2.05521392e-02 -6.64205943e-01
  -3.50550625e-02  5.18187586e-01]
 [ 6.38978310e-01  4.64851894e-01  4.68787674e-01  4.53292577e-02
   6.65631802e-03  9.93901496e-01  5.68800768e-01  4.45634430e-01
   7.37391678e-01  4.31647219e-01]
 [ 7.08360466e-01  9.05071302e-01  7.71135698e-01  1.15194670e-03
  -2.05521392e-02  5.68800768e-01  8.94969873e-01  8.56755354e-01
   5.66275158e-01  8.98275943e-02]
 [ 4.94251972e-01  7.63602478e-01  5.86750000e-01 -2.61246015e-01
  -6.64205943e-01  4.45634430e-01  8.56755354e-01  9.96292505e-01
   4.25454585e-01 -1.58935205e-01]
 [ 4.55116528e-01  4.71707691e-01  2.29849575e-01 -2.58903129e-01
  -3.50550625e-02  7.37391678e-01  5.66275158e-01  4.25454585e-01
  -1.26382327e+00  3.48141637e-01]
 [ 3.33144393e-01  2.63774343e-02  1.60644088e-01  5.75695721e-01
   5.18187586e-01  4.31647219e-01  8.98275943e-02 -1.58935205e-01
   3.48141637e-01  9.97742129e-01]]

------------

pcp: 

L: 
[[ 0.79596235  0.46994628  0.73170371  0.25772168 -0.04524681  0.64437112
   0.70485332  0.48345018  0.46772606  0.34727176]
 [ 0.50181259  0.92087685  0.58452455 -0.241447   -0.53854343  0.45924482
   0.918632    0.86138261  0.52077609 -0.02157941]
 [ 0.69005549  0.56864257  0.73221445  0.20914432 -0.30673133  0.47324344
   0.76973366  0.56745164  0.29437696  0.15283423]
 [ 0.26970591 -0.26932067  0.25999268  0.54636756  0.19481607  0.05796314
  -0.018867   -0.28951591 -0.22774862  0.25897076]
 [-0.03194851 -0.55000318 -0.27455623  0.19840861  0.79039486  0.16307017
  -0.49211871 -0.59048216  0.16778675  0.48852624]
 [ 0.61874136  0.45272549  0.47559022  0.01300678  0.14355949  0.6820996
   0.55942394  0.41539425  0.68491107  0.42021554]
 [ 0.69179085  0.91376587  0.76941312 -0.04250303 -0.50469113  0.55818981
   1.01900541  0.85064173  0.50733605  0.09222805]
 [ 0.51033775  0.85297296  0.58177586 -0.26698067 -0.58168798  0.42079136
   0.84933064  0.92725464  0.46314679 -0.15865282]
 [ 0.47154365  0.51662191  0.29960518 -0.23096883  0.17025129  0.68015364
   0.50410166  0.45987757  0.83262303  0.38392042]
 [ 0.33960657 -0.0417788   0.17358705  0.24907534  0.48947711  0.43457509
   0.09793781 -0.18106311  0.37969081  0.57555942]]

S: 
[[ 0.20403765 -0.          0.0876847   0.          0.          0.
   0.          0.          0.         -0.        ]
 [-0.          0.07912315  0.         -0.         -0.08527741  0.
   0.         -0.          0.          0.        ]
 [ 0.12933292  0.          0.26778555  0.          0.         -0.
   0.          0.         -0.         -0.        ]
 [ 0.         -0.          0.          0.45363244 -0.01379243  0.
  -0.         -0.         -0.          0.31524097]
 [ 0.         -0.07381766  0.         -0.01738496  0.20960514 -0.
  -0.04795395 -0.          0.09650926  0.        ]
 [ 0.          0.         -0.          0.         -0.          0.3179004
  -0.          0.          0.02653185  0.        ]
 [ 0.          0.          0.         -0.         -0.03538153 -0.
   0.         -0.          0.          0.        ]
 [ 0.         -0.          0.         -0.         -0.          0.
  -0.          0.07274536  0.         -0.        ]
 [ 0.          0.         -0.         -0.          0.09404471  0.0260292
   0.          0.          0.16737697  0.        ]
 [-0.          0.         -0.          0.32513639  0.          0.
   0.         -0.          0.          0.42444058]]

------------

M: 
[[ 1.          0.49057328  0.81938841  0.25345785 -0.04241333  0.63616406
   0.71907584  0.49454119  0.46093419  0.33219233]
 [ 0.49057328  1.          0.58367697 -0.27782393 -0.62382084  0.45274725
   0.91228015  0.84176705  0.50171306 -0.04859883]
 [ 0.81938841  0.58367697  1.          0.24237903 -0.25897951  0.46998123
   0.7608017   0.58783158  0.31168292  0.16097534]
 [ 0.25345785 -0.27782393  0.24237903  1.          0.18102364  0.05432196
  -0.03803012 -0.25677687 -0.24112071  0.57421173]
 [-0.04241333 -0.62382084 -0.25897951  0.18102364  1.          0.12473258
  -0.54007266 -0.60353185  0.264296    0.49767518]
 [ 0.63616406  0.45274725  0.46998123  0.05432196  0.12473258  1.
   0.54480658  0.44786083  0.71410587  0.43094746]
 [ 0.71907584  0.91228015  0.7608017  -0.03803012 -0.54007266  0.54480658
   1.          0.84488004  0.51054052  0.09363974]
 [ 0.49454119  0.84176705  0.58783158 -0.25677687 -0.60353185  0.44786083
   0.84488004  1.          0.4440057  -0.16152726]
 [ 0.46093419  0.50171306  0.31168292 -0.24112071  0.264296    0.71410587
   0.51054052  0.4440057   1.          0.3526467 ]
 [ 0.33219233 -0.04859883  0.16097534  0.57421173  0.49767518  0.43094746
   0.09363974 -0.16152726  0.3526467   1.        ]]

Relative Error of L : 1.098212149182755
Relative Error of S: 5.7884917404718275
