DENISE trained 10 epochs with 800000 10x10 rank 3 matrices.
DENISE: 

L: 
 [[ 2.33755255e+00 -7.31371641e-02  6.46715835e-02 -1.07975885e-01
   5.67838013e-01  2.06169590e-01  3.54045965e-02 -1.17235892e-02
   2.19737545e-01  7.17685223e-02]
 [-7.31371641e-02  1.94024578e-01  6.41683536e-03 -6.85063899e-01
  -7.90008530e-03 -1.52285881e-02  2.34372672e-02  2.06835493e-02
  -1.53760309e-03  3.42898956e-03]
 [ 6.46715835e-02  6.41683536e-03  1.10392720e-01 -7.91715011e-02
   3.50326061e-01  1.44608647e-01 -4.15897630e-02 -6.33882806e-02
   1.67632058e-01  1.27447128e-01]
 [-1.07975885e-01 -6.85063899e-01 -7.91715011e-02  2.49633455e+00
  -2.03312904e-01 -3.70500386e-02 -7.12630674e-02 -4.52956185e-02
  -9.76963863e-02 -7.67661780e-02]
 [ 5.67838013e-01 -7.90008530e-03  3.50326061e-01 -2.03312904e-01
   1.17028117e+00  4.79712307e-01 -1.24911390e-01 -1.99282840e-01
   5.51745117e-01  4.04335350e-01]
 [ 2.06169590e-01 -1.52285881e-02  1.44608647e-01 -3.70500386e-02
   4.79712307e-01  1.97849035e-01 -5.41769154e-02 -8.42764229e-02
   2.26747110e-01  1.67213708e-01]
 [ 3.54045965e-02  2.34372672e-02 -4.15897630e-02 -7.12630674e-02
  -1.24911390e-01 -5.41769154e-02  2.12822221e-02  2.82175336e-02
  -6.10477440e-02 -4.86842655e-02]
 [-1.17235892e-02  2.06835493e-02 -6.33882806e-02 -4.52956185e-02
  -1.99282840e-01 -8.42764229e-02  2.82175336e-02  4.00069244e-02
  -9.58651453e-02 -7.37509504e-02]
 [ 2.19737545e-01 -1.53760309e-03  1.67632058e-01 -9.76963863e-02
   5.51745117e-01  2.26747110e-01 -6.10477440e-02 -9.58651453e-02
   2.61245817e-01  1.93530321e-01]
 [ 7.17685223e-02  3.42898956e-03  1.27447128e-01 -7.67661780e-02
   4.04335350e-01  1.67213708e-01 -4.86842655e-02 -7.37509504e-02
   1.93530321e-01  1.47226840e-01]]

S: 
[[-1.33755255e+00  5.19518646e-01  5.72554418e-01 -1.41997756e-01
   3.95915226e-02  6.20792264e-01  3.79140221e-01  3.70363174e-01
   5.11471865e-01  2.84189404e-01]
 [ 5.19518646e-01  8.05975422e-01  2.49257533e-01 -1.83633585e-03
  -2.57425231e-03  6.83753846e-01  7.22262258e-01  7.45995312e-01
   7.92407835e-01 -1.08143893e-01]
 [ 5.72554418e-01  2.49257533e-01  8.89607280e-01  1.59031009e-01
   3.25213652e-02  4.57506115e-01  4.44521099e-01  3.54504414e-01
   2.32899910e-01  2.37639665e-01]
 [-1.41997756e-01 -1.83633585e-03  1.59031009e-01 -1.49633455e+00
   5.57043459e-03 -3.85380234e-01 -1.18709915e-01 -4.12272337e-01
  -6.16274607e-01  5.90970531e-01]
 [ 3.95915226e-02 -2.57425231e-03  3.25213652e-02  5.57043459e-03
  -1.70281172e-01 -3.69329911e-02 -2.77050659e-02  1.39621757e-02
  -1.41286985e-03 -1.78720708e-02]
 [ 6.20792264e-01  6.83753846e-01  4.57506115e-01 -3.85380234e-01
  -3.69329911e-02  8.02150965e-01  6.98622854e-01  6.34285601e-01
   5.82555559e-01  9.51341941e-02]
 [ 3.79140221e-01  7.22262258e-01  4.44521099e-01 -1.18709915e-01
  -2.77050659e-02  6.98622854e-01  9.78717778e-01  7.58075675e-01
   6.05840027e-01  2.70873831e-01]
 [ 3.70363174e-01  7.45995312e-01  3.54504414e-01 -4.12272337e-01
   1.39621757e-02  6.34285601e-01  7.58075675e-01  9.59993076e-01
   6.57430572e-01 -9.55101384e-02]
 [ 5.11471865e-01  7.92407835e-01  2.32899910e-01 -6.16274607e-01
  -1.41286985e-03  5.82555559e-01  6.05840027e-01  6.57430572e-01
   7.38754183e-01 -1.28663268e-01]
 [ 2.84189404e-01 -1.08143893e-01  2.37639665e-01  5.90970531e-01
  -1.78720708e-02  9.51341941e-02  2.70873831e-01 -9.55101384e-02
  -1.28663268e-01  8.52773160e-01]]

------------

pcp: 

L: 
[[ 0.84280667  0.4474799   0.6374998  -0.24940156  0.60812271  0.81611189
   0.43106766  0.35749501  0.70181591  0.3539763 ]
 [ 0.44747735  0.90891059  0.25449498 -0.67309013 -0.01033488  0.66962185
   0.74748661  0.76498219  0.78962963 -0.10594087]
 [ 0.63750013  0.25449482  0.5640838   0.04500688  0.38101402  0.60271916
   0.40216115  0.26550716  0.40177884  0.36626024]
 [-0.24940321 -0.67308328  0.04499897  0.92018819 -0.17101077 -0.39586914
  -0.18998032 -0.4569675  -0.71460418  0.32929512]
 [ 0.60812245 -0.01033552  0.38101377 -0.17100752  0.82303006  0.44290742
  -0.15139896 -0.18618125  0.43415786  0.34918997]
 [ 0.81611087  0.66962113  0.60272023 -0.39586616  0.4429064   0.87099714
   0.64370846  0.55066143  0.80803115  0.26290512]
 [ 0.4310667   0.74748695  0.40216067 -0.18998078 -0.1513986   0.64370847
   0.90020295  0.73415625  0.54369127  0.1165361 ]
 [ 0.35749596  0.76498256  0.26551171 -0.45696677 -0.18618164  0.55066241
   0.73415951  0.76734228  0.56429932 -0.12426633]
 [ 0.70181109  0.789628    0.40177855 -0.71460563  0.43415352  0.80803007
   0.54369214  0.56430061  0.92761327  0.06634646]
 [ 0.35397692 -0.10594096  0.36625955  0.32930322  0.34918782  0.26290525
   0.11653744 -0.12426747  0.06634608  0.43537229]]

S: 
[[ 0.15719333 -0.          0.          0.          0.          0.01084996
  -0.01652284  0.          0.0293935   0.        ]
 [-0.          0.09108941  0.         -0.0138101  -0.          0.
   0.         -0.          0.          0.        ]
 [ 0.          0.          0.4359162   0.03485263  0.          0.
  -0.          0.02560898 -0.         -0.        ]
 [ 0.         -0.01381695  0.03486054  0.07981181 -0.0267317  -0.02656113
   0.         -0.         -0.          0.18490923]
 [ 0.         -0.          0.         -0.02673495  0.17696994  0.
  -0.         -0.          0.11617439  0.03727331]
 [ 0.01085098  0.          0.         -0.02656411  0.          0.12900286
   0.         -0.         -0.          0.        ]
 [-0.01652188  0.         -0.          0.         -0.          0.
   0.09979705  0.05213696  0.          0.10565347]
 [ 0.         -0.          0.02560443 -0.         -0.         -0.
   0.0521337   0.23265772 -0.         -0.04499476]
 [ 0.02939832  0.         -0.         -0.          0.11617873 -0.
   0.         -0.          0.07238673 -0.        ]
 [ 0.          0.         -0.          0.18490114  0.03727546  0.
   0.10565212 -0.04499362 -0.          0.56462771]]

------------

M: 
[[ 1.          0.44638148  0.637226   -0.24997364  0.60742954  0.82696185
   0.41454482  0.35863958  0.73120941  0.35595793]
 [ 0.44638148  1.          0.25567437 -0.68690023 -0.01047434  0.66852526
   0.74569953  0.76667886  0.79087023 -0.1047149 ]
 [ 0.637226    0.25567437  1.          0.07985951  0.38284743  0.60211476
   0.40293134  0.29111613  0.40053197  0.36508679]
 [-0.24997364 -0.68690023  0.07985951  1.         -0.19774247 -0.42243027
  -0.18997298 -0.45756796 -0.71397099  0.51420435]
 [ 0.60742954 -0.01047434  0.38284743 -0.19774247  1.          0.44277932
  -0.15261646 -0.18532066  0.55033225  0.38646328]
 [ 0.82696185  0.66852526  0.60211476 -0.42243027  0.44277932  1.
   0.64444594  0.55000918  0.80930267  0.2623479 ]
 [ 0.41454482  0.74569953  0.40293134 -0.18997298 -0.15261646  0.64444594
   1.          0.78629321  0.54479228  0.22218957]
 [ 0.35863958  0.76667886  0.29111613 -0.45756796 -0.18532066  0.55000918
   0.78629321  1.          0.56156543 -0.16926109]
 [ 0.73120941  0.79087023  0.40053197 -0.71397099  0.55033225  0.80930267
   0.54479228  0.56156543  1.          0.06486705]
 [ 0.35595793 -0.1047149   0.36508679  0.51420435  0.38646328  0.2623479
   0.22218957 -0.16926109  0.06486705  1.        ]]

Relative Error of L : 0.9222533729325926
Relative Error of S: 5.43022657641545
