DENISE trained 300 epochs with 800000 10x10 rank 3 matrices.
DENISE: 

L: 
 [[ 1.4172387e-01  6.5983780e-02  1.1158296e-02 -4.4474375e-02
   6.0069865e-01  1.0253747e-01 -3.0570984e-02  1.6347365e-02
   8.7310322e-02 -5.0369310e-03]
 [ 6.5983780e-02  2.7007577e+00 -1.9133061e-02 -7.4038845e-03
   3.0117353e-02 -9.1006430e-03  1.4142999e-02  7.9031870e-02
   3.3055756e-02 -6.9900334e-02]
 [ 1.1158296e-02 -1.9133061e-02  5.9744716e-03 -3.2073148e-03
   5.9464939e-02  6.8356167e-03 -3.6300942e-03  2.0650122e-03
   1.1146652e-01  2.3762966e-04]
 [-4.4474375e-02 -7.4038845e-03 -3.2073148e-03  1.4058195e-02
  -1.8890502e-01 -3.2610096e-02  9.6526342e-03 -4.6523591e-03
  -1.8527297e-02  1.2456615e-03]
 [ 6.0069865e-01  3.0117353e-02  5.9464939e-02 -1.8890502e-01
   2.5894878e+00  4.3635514e-01 -1.3418624e-01  6.5513916e-02
   5.8299464e-01 -1.4997130e-02]
 [ 1.0253747e-01 -9.1006430e-03  6.8356167e-03 -3.2610096e-02
   4.3635514e-01  7.6028183e-02 -2.2374861e-02  9.7924303e-03
   2.5689904e-02 -2.2128290e-03]
 [-3.0570984e-02  1.4142999e-02 -3.6300942e-03  9.6526342e-03
  -1.3418624e-01 -2.2374861e-02  7.0868745e-03 -3.0499576e-03
  -3.9599136e-02  3.6485848e-04]
 [ 1.6347365e-02  7.9031870e-02  2.0650122e-03 -4.6523591e-03
   6.5513916e-02  9.7924303e-03 -3.0499576e-03  4.2148139e-03
   4.0504463e-02 -2.3825571e-03]
 [ 8.7310322e-02  3.3055756e-02  1.1146652e-01 -1.8527297e-02
   5.8299464e-01  2.5689904e-02 -3.9599136e-02  4.0504463e-02
   2.2951837e+00 -2.5105814e-03]
 [-5.0369310e-03 -6.9900334e-02  2.3762966e-04  1.2456615e-03
  -1.4997130e-02 -2.2128290e-03  3.6485848e-04 -2.3825571e-03
  -2.5105814e-03  1.8883174e-03]]

S: 
[[ 0.85827613  0.3803977   0.62606771 -0.20549927  0.00673089  0.72442439
   0.4451158   0.34229222  0.64389909  0.36099486]
 [ 0.3803977  -1.70075774  0.27480743 -0.67949635 -0.04059169  0.6776259
   0.73155653  0.68764699  0.75781448 -0.03481457]
 [ 0.62606771  0.27480743  0.99402553  0.08306682  0.32338249  0.59527914
   0.40656143  0.28905112  0.28906545  0.36484916]
 [-0.20549927 -0.67949635  0.08306682  0.9859418  -0.00883745 -0.38982018
  -0.19962562 -0.4529156  -0.6954437   0.51295869]
 [ 0.00673089 -0.04059169  0.32338249 -0.00883745 -1.58948779  0.00642417
  -0.01843022 -0.25083458 -0.03266239  0.40146041]
 [ 0.72442439  0.6776259   0.59527914 -0.38982018  0.00642417  0.92397182
   0.6668208   0.54021675  0.78361277  0.26456073]
 [ 0.4451158   0.73155653  0.40656143 -0.19962562 -0.01843022  0.6668208
   0.99291313  0.78934317  0.58439142  0.22182471]
 [ 0.34229222  0.68764699  0.28905112 -0.4529156  -0.25083458  0.54021675
   0.78934317  0.99578519  0.52106096 -0.16687853]
 [ 0.64389909  0.75781448  0.28906545 -0.6954437  -0.03266239  0.78361277
   0.58439142  0.52106096 -1.29518366  0.06737763]
 [ 0.36099486 -0.03481457  0.36484916  0.51295869  0.40146041  0.26456073
   0.22182471 -0.16687853  0.06737763  0.99811168]]

------------

pcp: 

L: 
[[ 0.84280667  0.4474799   0.6374998  -0.24940156  0.60812271  0.81611189
   0.43106766  0.35749501  0.70181591  0.3539763 ]
 [ 0.44747735  0.90891059  0.25449498 -0.67309013 -0.01033488  0.66962185
   0.74748661  0.76498219  0.78962963 -0.10594087]
 [ 0.63750013  0.25449482  0.5640838   0.04500688  0.38101402  0.60271916
   0.40216115  0.26550716  0.40177884  0.36626024]
 [-0.24940321 -0.67308328  0.04499897  0.92018819 -0.17101077 -0.39586914
  -0.18998032 -0.4569675  -0.71460418  0.32929512]
 [ 0.60812245 -0.01033552  0.38101377 -0.17100752  0.82303006  0.44290742
  -0.15139896 -0.18618125  0.43415786  0.34918997]
 [ 0.81611087  0.66962113  0.60272023 -0.39586616  0.4429064   0.87099714
   0.64370846  0.55066143  0.80803115  0.26290512]
 [ 0.4310667   0.74748695  0.40216067 -0.18998078 -0.1513986   0.64370847
   0.90020295  0.73415625  0.54369127  0.1165361 ]
 [ 0.35749596  0.76498256  0.26551171 -0.45696677 -0.18618164  0.55066241
   0.73415951  0.76734228  0.56429932 -0.12426633]
 [ 0.70181109  0.789628    0.40177855 -0.71460563  0.43415352  0.80803007
   0.54369214  0.56430061  0.92761327  0.06634646]
 [ 0.35397692 -0.10594096  0.36625955  0.32930322  0.34918782  0.26290525
   0.11653744 -0.12426747  0.06634608  0.43537229]]

S: 
[[ 0.15719333 -0.          0.          0.          0.          0.01084996
  -0.01652284  0.          0.0293935   0.        ]
 [-0.          0.09108941  0.         -0.0138101  -0.          0.
   0.         -0.          0.          0.        ]
 [ 0.          0.          0.4359162   0.03485263  0.          0.
  -0.          0.02560898 -0.         -0.        ]
 [ 0.         -0.01381695  0.03486054  0.07981181 -0.0267317  -0.02656113
   0.         -0.         -0.          0.18490923]
 [ 0.         -0.          0.         -0.02673495  0.17696994  0.
  -0.         -0.          0.11617439  0.03727331]
 [ 0.01085098  0.          0.         -0.02656411  0.          0.12900286
   0.         -0.         -0.          0.        ]
 [-0.01652188  0.         -0.          0.         -0.          0.
   0.09979705  0.05213696  0.          0.10565347]
 [ 0.         -0.          0.02560443 -0.         -0.         -0.
   0.0521337   0.23265772 -0.         -0.04499476]
 [ 0.02939832  0.         -0.         -0.          0.11617873 -0.
   0.         -0.          0.07238673 -0.        ]
 [ 0.          0.         -0.          0.18490114  0.03727546  0.
   0.10565212 -0.04499362 -0.          0.56462771]]

------------

M: 
[[ 1.          0.44638148  0.637226   -0.24997364  0.60742954  0.82696185
   0.41454482  0.35863958  0.73120941  0.35595793]
 [ 0.44638148  1.          0.25567437 -0.68690023 -0.01047434  0.66852526
   0.74569953  0.76667886  0.79087023 -0.1047149 ]
 [ 0.637226    0.25567437  1.          0.07985951  0.38284743  0.60211476
   0.40293134  0.29111613  0.40053197  0.36508679]
 [-0.24997364 -0.68690023  0.07985951  1.         -0.19774247 -0.42243027
  -0.18997298 -0.45756796 -0.71397099  0.51420435]
 [ 0.60742954 -0.01047434  0.38284743 -0.19774247  1.          0.44277932
  -0.15261646 -0.18532066  0.55033225  0.38646328]
 [ 0.82696185  0.66852526  0.60211476 -0.42243027  0.44277932  1.
   0.64444594  0.55000918  0.80930267  0.2623479 ]
 [ 0.41454482  0.74569953  0.40293134 -0.18997298 -0.15261646  0.64444594
   1.          0.78629321  0.54479228  0.22218957]
 [ 0.35863958  0.76667886  0.29111613 -0.45756796 -0.18532066  0.55000918
   0.78629321  1.          0.56156543 -0.16926109]
 [ 0.73120941  0.79087023  0.40053197 -0.71397099  0.55033225  0.80930267
   0.54479228  0.56156543  1.          0.06486705]
 [ 0.35595793 -0.1047149   0.36508679  0.51420435  0.38646328  0.2623479
   0.22218957 -0.16926109  0.06486705  1.        ]]

Relative Error of L : 1.0440838020987817
Relative Error of S: 6.147760730597426
