DENISE trained 300 epochs with 800000 10x10 rank 3 matrices.
DENISE: 

L: 
 [[ 2.1328278e-02  4.7067016e-02 -4.1581485e-03 -8.1333881e-03
  -2.2798814e-01 -5.0106510e-03  6.0527708e-02 -3.9566420e-03
  -8.2819685e-03  5.5717822e-04]
 [ 4.7067016e-02  2.7032351e+00 -1.5702669e-02 -1.8624464e-03
   2.8090859e-02 -1.2528112e-02  2.1293515e-03  7.8033939e-02
   3.1743150e-02 -7.7115536e-02]
 [-4.1581485e-03 -1.5702669e-02  4.2585474e-03  1.9012560e-03
   5.3220462e-02 -1.3780809e-04 -1.3393988e-02  1.1226273e-03
   8.9638621e-02  2.9144844e-04]
 [-8.1333881e-03 -1.8624464e-03  1.9012560e-03  3.2380861e-03
   9.1277398e-02  1.7856609e-03 -2.4094788e-02  2.1048211e-03
   1.2611991e-02 -6.7621970e-04]
 [-2.2798814e-01  2.8090859e-02  5.3220462e-02  9.1277398e-02
   2.5753953e+00  4.9967054e-02 -6.7953634e-01  6.1701998e-02
   3.5835403e-01 -2.1367807e-02]
 [-5.0106510e-03 -1.2528112e-02 -1.3780809e-04  1.7856609e-03
   4.9967054e-02  1.5424787e-03 -1.3518482e-02  6.9496746e-04
  -2.6811875e-02 -1.5285207e-04]
 [ 6.0527708e-02  2.1293515e-03 -1.3393988e-02 -2.4094788e-02
  -6.7953634e-01 -1.3518482e-02  1.7949706e-01 -1.5935078e-02
  -7.5446226e-02  5.4289075e-03]
 [-3.9566420e-03  7.8033939e-02  1.1226273e-03  2.1048211e-03
   6.1701998e-02  6.9496746e-04 -1.5935078e-02  3.7245634e-03
   1.7825151e-02 -2.6847504e-03]
 [-8.2819685e-03  3.1743150e-02  8.9638621e-02  1.2611991e-02
   3.5835403e-01 -2.6811875e-02 -7.5446226e-02  1.7825151e-02
   2.2686009e+00  3.5001996e-03]
 [ 5.5717822e-04 -7.7115536e-02  2.9144844e-04 -6.7621970e-04
  -2.1367807e-02 -1.5285207e-04  5.4289075e-03 -2.6847504e-03
   3.5001996e-03  2.3879344e-03]]

S: 
[[ 0.97867172  0.51365703  0.79863649  0.48084656  0.00805079  0.64276823
   0.68414864  0.56887806  0.43039366  0.34620899]
 [ 0.51365703 -1.70323515  0.70072833  0.15321996 -0.7947442   0.31425853
   0.9333165   0.7588093   0.19494686  0.17237903]
 [ 0.79863649  0.70072833  0.99574145  0.42709289 -0.56379652  0.45341367
   0.82253071  0.72784525  0.07716577  0.16901115]
 [ 0.48084656  0.15321996  0.42709289  0.99676191 -0.00960389  0.52744226
   0.28855113  0.08830771  0.20535499  0.45559143]
 [ 0.00805079 -0.7947442  -0.56379652 -0.00960389 -1.57539535  0.00209099
  -0.02050651 -0.82884655 -0.03092381  0.45451094]
 [ 0.64276823  0.31425853  0.45341367  0.52744226  0.00209099  0.99845752
   0.46688741  0.34480267  0.62737563  0.66442743]
 [ 0.68414864  0.9333165   0.82253071  0.28855113 -0.02050651  0.46688741
   0.82050294  0.89057547  0.39401693  0.11783746]
 [ 0.56887806  0.7588093   0.72784525  0.08830771 -0.82884655  0.34480267
   0.89057547  0.99627544  0.16129982 -0.02785057]
 [ 0.43039366  0.19494686  0.07716577  0.20535499 -0.03092381  0.62737563
   0.39401693  0.16129982 -1.26860094  0.67109615]
 [ 0.34620899  0.17237903  0.16901115  0.45559143  0.45451094  0.66442743
   0.11783746 -0.02785057  0.67109615  0.99761207]]

------------

pcp: 

L: 
[[ 0.70647747  0.56974139  0.69358727  0.49256299 -0.22444063  0.62954739
   0.70299192  0.55318065  0.38248451  0.43982514]
 [ 0.55153021  0.91221438  0.65999535  0.10687479 -0.76401301  0.345614
   0.92896608  0.84520309  0.28070338  0.01085704]
 [ 0.70365098  0.65044461  0.8014888   0.45846172 -0.43595495  0.50910691
   0.77023933  0.65801337  0.17754199  0.21759274]
 [ 0.47840441  0.14423915  0.42666232  0.48053665  0.13035372  0.48296054
   0.2800993   0.16782676  0.22750037  0.43681825]
 [-0.28531874 -0.77253065 -0.54238104  0.09940351  0.92403206  0.04306463
  -0.72864499 -0.74992392  0.14491054  0.43286871]
 [ 0.58712375  0.34228368  0.43445767  0.46647588  0.10955924  0.67571746
   0.47440239  0.30288238  0.56567974  0.65460571]
 [ 0.66504005  0.97848298  0.77146426  0.20225935 -0.7759896   0.44803905
   1.02154723  0.914153    0.32874172  0.0879043 ]
 [ 0.52756292  0.87854368  0.67412517  0.10659075 -0.78803722  0.28633267
   0.89463718  0.82926368  0.17602326 -0.06824268]
 [ 0.43146688  0.27893887  0.19280886  0.30098464  0.2065753   0.62499948
   0.36708792  0.19670589  0.7126965   0.70186472]
 [ 0.43158576  0.0146682   0.16445693  0.46548761  0.49312583  0.66800166
   0.15330569 -0.02249465  0.63672343  0.82052836]]

S: 
[[ 0.29352253 -0.          0.10089107  0.          0.00285263  0.
   0.04168443  0.          0.         -0.09305897]
 [-0.          0.08778562  0.          0.         -0.         -0.
   0.          0.          0.          0.08440646]
 [ 0.09082736  0.          0.1985112   0.          0.         -0.
   0.          0.         -0.          0.        ]
 [ 0.          0.          0.          0.51946335 -0.          0.04626737
  -0.         -0.07741423 -0.00953339  0.01809696]
 [ 0.05749233 -0.          0.         -0.          0.07596794 -0.
  -0.         -0.          0.18251968  0.        ]
 [ 0.         -0.03283711 -0.          0.01473087 -0.0575012   0.32428254
  -0.          0.00268269  0.          0.        ]
 [ 0.0796363   0.          0.         -0.         -0.         -0.
   0.         -0.          0.         -0.        ]
 [ 0.          0.          0.         -0.01617823 -0.          0.
  -0.          0.17073632  0.         -0.        ]
 [ 0.          0.         -0.         -0.08301766  0.12085492  0.
   0.          0.          0.2873035   0.        ]
 [-0.08481959  0.08059529  0.          0.          0.          0.
  -0.         -0.          0.          0.17947164]]

------------

M: 
[[ 1.          0.56072405  0.79447834  0.47271317 -0.21993735  0.63775758
   0.74467635  0.56492142  0.42211169  0.34676617]
 [ 0.56072405  1.          0.68502566  0.15135751 -0.76665334  0.30173041
   0.93544585  0.83684324  0.22669001  0.0952635 ]
 [ 0.79447834  0.68502566  1.          0.42899415 -0.51057606  0.45327586
   0.80913672  0.72896788  0.16680439  0.1693026 ]
 [ 0.47271317  0.15135751  0.42899415  1.          0.08167351  0.52922792
   0.26445634  0.09041253  0.21796698  0.45491521]
 [-0.21993735 -0.76665334 -0.51057606  0.08167351  1.          0.05205804
  -0.70004285 -0.76714456  0.32743022  0.43314313]
 [ 0.63775758  0.30173041  0.45327586  0.52922792  0.05205804  1.
   0.45336892  0.34549764  0.60056376  0.66427458]
 [ 0.74467635  0.93544585  0.80913672  0.26445634 -0.70004285  0.45336892
   1.          0.87464039  0.3185707   0.12326636]
 [ 0.56492142  0.83684324  0.72896788  0.09041253 -0.76714456  0.34549764
   0.87464039  1.          0.17912497 -0.03053532]
 [ 0.42211169  0.22669001  0.16680439  0.21796698  0.32743022  0.60056376
   0.3185707   0.17912497  1.          0.67459635]
 [ 0.34676617  0.0952635   0.1693026   0.45491521  0.43314313  0.66427458
   0.12326636 -0.03053532  0.67459635  1.        ]]

Relative Error of L : 1.076134351585987
Relative Error of S: 6.660740367525271
