DENISE trained 300 epochs with 800000 10x10 rank 3 matrices.
DENISE: 

L: 
 [[ 3.1943746e-02  4.6127491e-02 -5.2152751e-03 -1.0492871e-02
  -2.8132123e-01  1.2806539e-03  7.5014316e-02 -5.2280785e-03
  -1.4321025e-02  1.0870777e-03]
 [ 4.6127491e-02  2.7037485e+00 -1.5790915e-02 -1.8195197e-03
   2.8266091e-02 -1.3795072e-02  1.9221399e-03  7.8387886e-02
   3.1999957e-02 -7.7419080e-02]
 [-5.2152751e-03 -1.5790915e-02  4.5422642e-03  2.0180577e-03
   5.4752965e-02 -1.4172401e-03 -1.3720711e-02  1.1297637e-03
   9.3263283e-02  2.6056729e-04]
 [-1.0492871e-02 -1.8195197e-03  2.0180577e-03  3.5468976e-03
   9.5568411e-02 -6.1868911e-04 -2.5349524e-02  2.2033786e-03
   1.3587707e-02 -7.3838700e-04]
 [-2.8132123e-01  2.8266091e-02  5.4752965e-02  9.5568411e-02
   2.5774205e+00 -1.7349428e-02 -6.8318534e-01  6.1717190e-02
   3.8792464e-01 -2.2058239e-02]
 [ 1.2806539e-03 -1.3795072e-02 -1.4172401e-03 -6.1868911e-04
  -1.7349428e-02  5.7538418e-04  4.2583714e-03 -9.0648292e-04
  -3.2132741e-02  4.4677441e-04]
 [ 7.5014316e-02  1.9221399e-03 -1.3720711e-02 -2.5349524e-02
  -6.8318534e-01  4.2583714e-03  1.8134171e-01 -1.6013399e-02
  -8.0663398e-02  5.6457752e-03]
 [-5.2280785e-03  7.8387886e-02  1.1297637e-03  2.2033786e-03
   6.1717190e-02 -9.0648292e-04 -1.6013399e-02  3.7372804e-03
   1.7615601e-02 -2.7235835e-03]
 [-1.4321025e-02  3.1999957e-02  9.3263283e-02  1.3587707e-02
   3.8792464e-01 -3.2132741e-02 -8.0663398e-02  1.7615601e-02
   2.2714813e+00  2.6730937e-03]
 [ 1.0870777e-03 -7.7419080e-02  2.6056729e-04 -7.3838700e-04
  -2.2058239e-02  4.4677441e-04  5.6457752e-03 -2.7235835e-03
   2.6730937e-03  2.4128226e-03]]

S: 
[[ 0.96805625  0.53889281  0.79591149  0.46532541  0.0089527   0.6407892
   0.68719155  0.59962669  0.39127693  0.37682078]
 [ 0.53889281 -1.70374846  0.72492662  0.14656761 -0.80496142  0.35255791
   0.93122756  0.75444525  0.16373648  0.27830537]
 [ 0.79591149  0.72492662  0.99545774  0.37862707 -0.64057533  0.45596694
   0.82400518  0.77614749 -0.00754371  0.23061867]
 [ 0.46532541  0.14656761  0.37862707  0.9964531  -0.01112734  0.51936978
   0.28922845  0.07023115  0.21153891  0.43955826]
 [ 0.0089527  -0.80496142 -0.64057533 -0.01112734 -1.57742047  0.00370313
  -0.01896399 -0.8351483  -0.03411605  0.30116145]
 [ 0.6407892   0.35255791  0.45596694  0.51936978  0.00370313  0.99942462
   0.48295457  0.3901294   0.59694768  0.66454451]
 [ 0.68719155  0.93122756  0.82400518  0.28922845 -0.01896399  0.48295457
   0.81865829  0.87202166  0.38213511  0.20515532]
 [ 0.59962669  0.75444525  0.77614749  0.07023115 -0.8351483   0.3901294
   0.87202166  0.99626272  0.0986654   0.12237809]
 [ 0.39127693  0.16373648 -0.00754371  0.21153891 -0.03411605  0.59694768
   0.38213511  0.0986654  -1.27148128  0.61093511]
 [ 0.37682078  0.27830537  0.23061867  0.43955826  0.30116145  0.66454451
   0.20515532  0.12237809  0.61093511  0.99758718]]

------------

pcp: 

L: 
[[ 0.42434877  0.44012061  0.57400259  0.3263158  -0.36236741  0.41708195
   0.48396169  0.51186582  0.02165049  0.26668145]
 [ 0.4469821   0.86811966  0.64856928  0.07795911 -0.79991196  0.34537818
   0.82953041  0.84567662  0.05989022  0.10651796]
 [ 0.60025473  0.6869373   0.83282305  0.38599705 -0.61627004  0.48940821
   0.7585379   0.76789155 -0.02533028  0.25266119]
 [ 0.40564978  0.1769602   0.48574481  0.55956554  0.00319449  0.68026655
   0.20932282  0.31757204  0.16087158  0.61439351]
 [-0.46467085 -0.8885755  -0.68883025 -0.05155441  0.86027599 -0.26296385
  -0.87813767 -0.86288849  0.010764   -0.00442288]
 [ 0.39101784  0.34937697  0.456009    0.4977946  -0.09713689  0.80931963
   0.29051694  0.4528393   0.31242896  0.73579449]
 [ 0.43220573  0.73964637  0.6406665   0.08246976 -0.73552422  0.20680493
   0.76375709  0.73345663 -0.05984632 -0.02398536]
 [ 0.54040367  0.85834171  0.75449873  0.24109969 -0.74573592  0.51654162
   0.83705041  0.88068461  0.09430166  0.2729201 ]
 [ 0.07422303  0.14219524  0.04638424  0.16075756  0.03263129  0.43458131
   0.03464982  0.16065758  0.28197957  0.44459748]
 [ 0.25851576  0.11182821  0.24774246  0.5052233   0.16809031  0.81430589
   0.03008252  0.2236003   0.37738385  0.82229939]]

S: 
[[ 0.57565123 -0.          0.21669362  0.          0.08999889  0.
   0.27824418  0.          0.         -0.        ]
 [-0.          0.13188034  0.         -0.         -0.         -0.00661534
   0.10361929  0.          0.          0.09436832]
 [ 0.19044149  0.          0.16717695  0.          0.         -0.00682953
   0.          0.         -0.          0.        ]
 [ 0.         -0.          0.          0.44043446  0.          0.
   0.         -0.24513752 -0.          0.        ]
 [ 0.19230232 -0.          0.          0.          0.13972401 -0.
  -0.         -0.          0.34304459  0.        ]
 [ 0.         -0.         -0.          0.         -0.          0.19068037
  -0.          0.          0.          0.        ]
 [ 0.33000013  0.1552076   0.          0.         -0.         -0.
   0.23624291 -0.          0.36131803 -0.        ]
 [ 0.          0.          0.         -0.16866517 -0.02769519  0.
  -0.          0.11931539 -0.          0.        ]
 [ 0.          0.         -0.         -0.          0.32117731  0.
   0.26682189 -0.          0.71802043  0.12198189]
 [-0.          0.08905808  0.          0.          0.          0.
  -0.          0.          0.22646865  0.17770061]]

------------

M: 
[[ 1.          0.5850203   0.79069622  0.45483254 -0.27236853  0.64206986
   0.76220586  0.59439861  0.3769559   0.37790786]
 [ 0.5850203   1.          0.7091357   0.14474809 -0.77669533  0.33876284
   0.9331497   0.83283313  0.19573644  0.20088629]
 [ 0.79069622  0.7091357   1.          0.38064513 -0.58582237  0.4545497
   0.81028447  0.77727725  0.08571957  0.23087924]
 [ 0.45483254  0.14474809  0.38064513  1.          0.08444108  0.51875109
   0.26387893  0.07243453  0.22512662  0.43881988]
 [-0.27236853 -0.77669533 -0.58582237  0.08444108  1.         -0.0136463
  -0.70214933 -0.77343111  0.3538086   0.27910322]
 [ 0.64206986  0.33876284  0.4545497   0.51875109 -0.0136463   1.
   0.48721294  0.38922292  0.56481493  0.66499129]
 [ 0.76220586  0.9331497   0.81028447  0.26387893 -0.70214933  0.48721294
   1.          0.85600826  0.30147171  0.2108011 ]
 [ 0.59439861  0.83283313  0.77727725  0.07243453 -0.77343111  0.38922292
   0.85600826  1.          0.116281    0.11965451]
 [ 0.3769559   0.19573644  0.08571957  0.22512662  0.3538086   0.56481493
   0.30147171  0.116281    1.          0.61360821]
 [ 0.37790786  0.20088629  0.23087924  0.43881988  0.27910322  0.66499129
   0.2108011   0.11965451  0.61360821  1.        ]]

Relative Error of L : 1.1331288342279617
Relative Error of S: 3.9990069685889904
