DENISE trained 300 epochs with 800000 10x10 rank 3 matrices.
DENISE: 

L: 
 [[ 2.1328278e-02  4.7067016e-02 -4.1581485e-03 -8.1333881e-03
  -2.2798814e-01 -5.0106510e-03  6.0527708e-02 -3.9566420e-03
  -8.2819685e-03  5.5717822e-04]
 [ 4.7067016e-02  2.7032351e+00 -1.5702669e-02 -1.8624464e-03
   2.8090859e-02 -1.2528112e-02  2.1293515e-03  7.8033939e-02
   3.1743150e-02 -7.7115536e-02]
 [-4.1581485e-03 -1.5702669e-02  4.2585474e-03  1.9012560e-03
   5.3220462e-02 -1.3780809e-04 -1.3393988e-02  1.1226273e-03
   8.9638621e-02  2.9144844e-04]
 [-8.1333881e-03 -1.8624464e-03  1.9012560e-03  3.2380861e-03
   9.1277398e-02  1.7856609e-03 -2.4094788e-02  2.1048211e-03
   1.2611991e-02 -6.7621970e-04]
 [-2.2798814e-01  2.8090859e-02  5.3220462e-02  9.1277398e-02
   2.5753953e+00  4.9967054e-02 -6.7953634e-01  6.1701998e-02
   3.5835403e-01 -2.1367807e-02]
 [-5.0106510e-03 -1.2528112e-02 -1.3780809e-04  1.7856609e-03
   4.9967054e-02  1.5424787e-03 -1.3518482e-02  6.9496746e-04
  -2.6811875e-02 -1.5285207e-04]
 [ 6.0527708e-02  2.1293515e-03 -1.3393988e-02 -2.4094788e-02
  -6.7953634e-01 -1.3518482e-02  1.7949706e-01 -1.5935078e-02
  -7.5446226e-02  5.4289075e-03]
 [-3.9566420e-03  7.8033939e-02  1.1226273e-03  2.1048211e-03
   6.1701998e-02  6.9496746e-04 -1.5935078e-02  3.7245634e-03
   1.7825151e-02 -2.6847504e-03]
 [-8.2819685e-03  3.1743150e-02  8.9638621e-02  1.2611991e-02
   3.5835403e-01 -2.6811875e-02 -7.5446226e-02  1.7825151e-02
   2.2686009e+00  3.5001996e-03]
 [ 5.5717822e-04 -7.7115536e-02  2.9144844e-04 -6.7621970e-04
  -2.1367807e-02 -1.5285207e-04  5.4289075e-03 -2.6847504e-03
   3.5001996e-03  2.3879344e-03]]

S: 
[[ 0.97867172  0.51365703  0.79863649  0.48084656  0.00805079  0.64276823
   0.68414864  0.56887806  0.43039366  0.34620899]
 [ 0.51365703 -1.70323515  0.70072833  0.15321996 -0.7947442   0.31425853
   0.9333165   0.7588093   0.19494686  0.17237903]
 [ 0.79863649  0.70072833  0.99574145  0.42709289 -0.56379652  0.45341367
   0.82253071  0.72784525  0.07716577  0.16901115]
 [ 0.48084656  0.15321996  0.42709289  0.99676191 -0.00960389  0.52744226
   0.28855113  0.08830771  0.20535499  0.45559143]
 [ 0.00805079 -0.7947442  -0.56379652 -0.00960389 -1.57539535  0.00209099
  -0.02050651 -0.82884655 -0.03092381  0.45451094]
 [ 0.64276823  0.31425853  0.45341367  0.52744226  0.00209099  0.99845752
   0.46688741  0.34480267  0.62737563  0.66442743]
 [ 0.68414864  0.9333165   0.82253071  0.28855113 -0.02050651  0.46688741
   0.82050294  0.89057547  0.39401693  0.11783746]
 [ 0.56887806  0.7588093   0.72784525  0.08830771 -0.82884655  0.34480267
   0.89057547  0.99627544  0.16129982 -0.02785057]
 [ 0.43039366  0.19494686  0.07716577  0.20535499 -0.03092381  0.62737563
   0.39401693  0.16129982 -1.26860094  0.67109615]
 [ 0.34620899  0.17237903  0.16901115  0.45559143  0.45451094  0.66442743
   0.11783746 -0.02785057  0.67109615  0.99761207]]

------------

pcp: 

L: 
[[ 0.67445234  0.68900515  0.76631066  0.36602136 -0.51869881  0.46149162
   0.78654657  0.69014778  0.22213694  0.17838043]
 [ 0.69174476  0.74362287  0.70318374  0.35588229 -0.48312415  0.5650381
   0.8385932   0.72930115  0.42117132  0.32645253]
 [ 0.78208113  0.68026805  0.9321815   0.55520392 -0.52366472  0.47109013
   0.81892475  0.68797597  0.1072681   0.23062742]
 [ 0.43594357  0.2572955   0.46729946  0.47351074 -0.10945374  0.29749237
   0.36486836  0.2492022   0.11096204  0.36464819]
 [-0.44287627 -0.6107157  -0.63598423 -0.00748801  0.64601805 -0.19044963
  -0.6327406  -0.64021294  0.05792002  0.33086765]
 [ 0.53955075  0.44453785  0.37792131  0.49431146 -0.0553236   0.59609321
   0.55695318  0.3976583   0.6234033   0.76213832]
 [ 0.76888142  0.88414865  0.86754146  0.29930328 -0.68788338  0.54805614
   0.97284791  0.88603373  0.31431525  0.11778524]
 [ 0.62313884  0.8338296   0.78705328  0.07446264 -0.7685379   0.37571959
   0.87518015  0.8538401   0.13430326 -0.20500418]
 [ 0.27717542  0.31137252  0.01696484  0.20739677  0.07211343  0.50315755
   0.3573638   0.25419553  0.73600634  0.69476653]
 [ 0.27007586  0.12649548  0.02520358  0.41423347  0.24568945  0.45318657
   0.2117343   0.06931152  0.61229475  0.83514892]]

S: 
[[ 3.25547658e-01 -0.00000000e+00  2.81676780e-02  0.00000000e+00
   2.66193270e-01  7.44481333e-02  0.00000000e+00  0.00000000e+00
   0.00000000e+00 -0.00000000e+00]
 [-0.00000000e+00  2.56377127e-01  0.00000000e+00  0.00000000e+00
  -1.50331427e-01 -2.50024559e-01  3.04569217e-02  0.00000000e+00
   0.00000000e+00  0.00000000e+00]
 [ 0.00000000e+00  0.00000000e+00  6.78184998e-02  0.00000000e+00
   0.00000000e+00 -0.00000000e+00  0.00000000e+00  0.00000000e+00
  -0.00000000e+00  0.00000000e+00]
 [ 0.00000000e+00  0.00000000e+00  0.00000000e+00  5.26489257e-01
  -0.00000000e+00  2.31735542e-01 -0.00000000e+00 -1.54364126e-01
  -0.00000000e+00  9.02670189e-02]
 [ 1.21650520e-02 -7.58632013e-02  0.00000000e+00 -0.00000000e+00
   3.33432813e-01 -0.00000000e+00 -0.00000000e+00 -1.31585048e-02
   2.69510198e-01  0.00000000e+00]
 [ 0.00000000e+00 -6.70666371e-05 -0.00000000e+00  3.49164587e-02
  -0.00000000e+00  4.03906794e-01 -0.00000000e+00  0.00000000e+00
   0.00000000e+00  0.00000000e+00]
 [ 0.00000000e+00  0.00000000e+00  0.00000000e+00 -0.00000000e+00
  -0.00000000e+00 -0.00000000e+00  0.00000000e+00 -0.00000000e+00
   0.00000000e+00 -0.00000000e+00]
 [ 0.00000000e+00  0.00000000e+00  0.00000000e+00 -0.00000000e+00
  -0.00000000e+00  0.00000000e+00 -0.00000000e+00  1.46159903e-01
   0.00000000e+00 -0.00000000e+00]
 [ 0.00000000e+00  0.00000000e+00 -0.00000000e+00 -0.00000000e+00
   2.55316786e-01  0.00000000e+00  0.00000000e+00  0.00000000e+00
   2.63993659e-01  0.00000000e+00]
 [-0.00000000e+00  0.00000000e+00  0.00000000e+00  4.06817398e-02
   0.00000000e+00  0.00000000e+00 -0.00000000e+00 -0.00000000e+00
   1.77391454e-02  1.64851075e-01]]

------------

M: 
[[ 1.          0.56072405  0.79447834  0.47271317 -0.21993735  0.63775758
   0.74467635  0.56492142  0.42211169  0.34676617]
 [ 0.56072405  1.          0.68502566  0.15135751 -0.76665334  0.30173041
   0.93544585  0.83684324  0.22669001  0.0952635 ]
 [ 0.79447834  0.68502566  1.          0.42899415 -0.51057606  0.45327586
   0.80913672  0.72896788  0.16680439  0.1693026 ]
 [ 0.47271317  0.15135751  0.42899415  1.          0.08167351  0.52922792
   0.26445634  0.09041253  0.21796698  0.45491521]
 [-0.21993735 -0.76665334 -0.51057606  0.08167351  1.          0.05205804
  -0.70004285 -0.76714456  0.32743022  0.43314313]
 [ 0.63775758  0.30173041  0.45327586  0.52922792  0.05205804  1.
   0.45336892  0.34549764  0.60056376  0.66427458]
 [ 0.74467635  0.93544585  0.80913672  0.26445634 -0.70004285  0.45336892
   1.          0.87464039  0.3185707   0.12326636]
 [ 0.56492142  0.83684324  0.72896788  0.09041253 -0.76714456  0.34549764
   0.87464039  1.          0.17912497 -0.03053532]
 [ 0.42211169  0.22669001  0.16680439  0.21796698  0.32743022  0.60056376
   0.3185707   0.17912497  1.          0.67459635]
 [ 0.34676617  0.0952635   0.1693026   0.45491521  0.43314313  0.66427458
   0.12326636 -0.03053532  0.67459635  1.        ]]

Relative Error of L : 1.1185203213772847
Relative Error of S: 5.408938955923408
