DENISE trained 300 epochs with 800000 10x10 rank 3 matrices.
DENISE: 

L: 
 [[ 2.1328278e-02  4.7067016e-02 -4.1581485e-03 -8.1333881e-03
  -2.2798814e-01 -5.0106510e-03  6.0527708e-02 -3.9566420e-03
  -8.2819685e-03  5.5717822e-04]
 [ 4.7067016e-02  2.7032351e+00 -1.5702669e-02 -1.8624464e-03
   2.8090859e-02 -1.2528112e-02  2.1293515e-03  7.8033939e-02
   3.1743150e-02 -7.7115536e-02]
 [-4.1581485e-03 -1.5702669e-02  4.2585474e-03  1.9012560e-03
   5.3220462e-02 -1.3780809e-04 -1.3393988e-02  1.1226273e-03
   8.9638621e-02  2.9144844e-04]
 [-8.1333881e-03 -1.8624464e-03  1.9012560e-03  3.2380861e-03
   9.1277398e-02  1.7856609e-03 -2.4094788e-02  2.1048211e-03
   1.2611991e-02 -6.7621970e-04]
 [-2.2798814e-01  2.8090859e-02  5.3220462e-02  9.1277398e-02
   2.5753953e+00  4.9967054e-02 -6.7953634e-01  6.1701998e-02
   3.5835403e-01 -2.1367807e-02]
 [-5.0106510e-03 -1.2528112e-02 -1.3780809e-04  1.7856609e-03
   4.9967054e-02  1.5424787e-03 -1.3518482e-02  6.9496746e-04
  -2.6811875e-02 -1.5285207e-04]
 [ 6.0527708e-02  2.1293515e-03 -1.3393988e-02 -2.4094788e-02
  -6.7953634e-01 -1.3518482e-02  1.7949706e-01 -1.5935078e-02
  -7.5446226e-02  5.4289075e-03]
 [-3.9566420e-03  7.8033939e-02  1.1226273e-03  2.1048211e-03
   6.1701998e-02  6.9496746e-04 -1.5935078e-02  3.7245634e-03
   1.7825151e-02 -2.6847504e-03]
 [-8.2819685e-03  3.1743150e-02  8.9638621e-02  1.2611991e-02
   3.5835403e-01 -2.6811875e-02 -7.5446226e-02  1.7825151e-02
   2.2686009e+00  3.5001996e-03]
 [ 5.5717822e-04 -7.7115536e-02  2.9144844e-04 -6.7621970e-04
  -2.1367807e-02 -1.5285207e-04  5.4289075e-03 -2.6847504e-03
   3.5001996e-03  2.3879344e-03]]

S: 
[[ 0.97867172  0.51365703  0.79863649  0.48084656  0.00805079  0.64276823
   0.68414864  0.56887806  0.43039366  0.34620899]
 [ 0.51365703 -1.70323515  0.70072833  0.15321996 -0.7947442   0.31425853
   0.9333165   0.7588093   0.19494686  0.17237903]
 [ 0.79863649  0.70072833  0.99574145  0.42709289 -0.56379652  0.45341367
   0.82253071  0.72784525  0.07716577  0.16901115]
 [ 0.48084656  0.15321996  0.42709289  0.99676191 -0.00960389  0.52744226
   0.28855113  0.08830771  0.20535499  0.45559143]
 [ 0.00805079 -0.7947442  -0.56379652 -0.00960389 -1.57539535  0.00209099
  -0.02050651 -0.82884655 -0.03092381  0.45451094]
 [ 0.64276823  0.31425853  0.45341367  0.52744226  0.00209099  0.99845752
   0.46688741  0.34480267  0.62737563  0.66442743]
 [ 0.68414864  0.9333165   0.82253071  0.28855113 -0.02050651  0.46688741
   0.82050294  0.89057547  0.39401693  0.11783746]
 [ 0.56887806  0.7588093   0.72784525  0.08830771 -0.82884655  0.34480267
   0.89057547  0.99627544  0.16129982 -0.02785057]
 [ 0.43039366  0.19494686  0.07716577  0.20535499 -0.03092381  0.62737563
   0.39401693  0.16129982 -1.26860094  0.67109615]
 [ 0.34620899  0.17237903  0.16901115  0.45559143  0.45451094  0.66442743
   0.11783746 -0.02785057  0.67109615  0.99761207]]

------------

pcp: 

L: 
[[ 0.7266674   0.60545182  0.75655029  0.50902669 -0.30055488  0.5922274
   0.75438994  0.60142046  0.34207581  0.3787873 ]
 [ 0.57474558  0.85762279  0.66684761  0.16095534 -0.64460143  0.37865633
   0.90805166  0.78632919  0.32420014  0.06778415]
 [ 0.75388246  0.65245256  0.8572604   0.5103077  -0.41523674  0.54241134
   0.79714409  0.65931714  0.22447163  0.24953675]
 [ 0.48326639  0.15323827  0.44537607  0.49807917  0.08247153  0.46531525
   0.29767927  0.19252983  0.21713567  0.42853549]
 [-0.30614658 -0.71612355 -0.55537825  0.08480559  0.79621869  0.00911054
  -0.68446406 -0.66629824  0.09245668  0.41248615]
 [ 0.58633456  0.31286432  0.41521647  0.52824312  0.1320744   0.67875996
   0.47750717  0.30411391  0.57304524  0.72228481]
 [ 0.68841016  0.95670372  0.83013395  0.23631444 -0.74652258  0.42723329
   1.02607974  0.89400943  0.29137633  0.04085456]
 [ 0.53513212  0.83879243  0.71876786  0.12114637 -0.7464598   0.25474072
   0.87125351  0.78572244  0.1291534  -0.13286754]
 [ 0.37170843  0.26634199  0.10918374  0.29703226  0.19980591  0.57624835
   0.37207414  0.21083354  0.70045718  0.73082007]
 [ 0.41817122  0.04402466  0.14194647  0.49507054  0.42510416  0.6452098
   0.20315757  0.04235843  0.62318358  0.85509092]]

S: 
[[ 0.2733326  -0.          0.03792805  0.          0.08061753  0.
   0.          0.          0.         -0.03202113]
 [-0.          0.14237721  0.          0.         -0.12205192 -0.07285581
   0.01803121  0.          0.          0.02747935]
 [ 0.04059588  0.          0.1427396   0.          0.         -0.
   0.          0.05857377 -0.          0.        ]
 [ 0.          0.          0.          0.50192083 -0.          0.05143676
  -0.         -0.1021173  -0.          0.        ]
 [ 0.08620923 -0.02409208  0.         -0.          0.20378131 -0.
  -0.         -0.10084632  0.23497354  0.        ]
 [ 0.         -0.         -0.          0.0009848  -0.01211228  0.32124004
  -0.          0.04138373  0.          0.        ]
 [ 0.05626619  0.          0.         -0.         -0.         -0.
   0.         -0.          0.         -0.        ]
 [ 0.          0.          0.         -0.03073385 -0.02068475  0.
  -0.          0.21427756  0.         -0.        ]
 [ 0.          0.         -0.         -0.07906527  0.12762431  0.
   0.          0.          0.29954282  0.        ]
 [-0.07140506  0.05123883  0.          0.          0.          0.
  -0.         -0.          0.04092463  0.14490908]]

------------

M: 
[[ 1.          0.56072405  0.79447834  0.47271317 -0.21993735  0.63775758
   0.74467635  0.56492142  0.42211169  0.34676617]
 [ 0.56072405  1.          0.68502566  0.15135751 -0.76665334  0.30173041
   0.93544585  0.83684324  0.22669001  0.0952635 ]
 [ 0.79447834  0.68502566  1.          0.42899415 -0.51057606  0.45327586
   0.80913672  0.72896788  0.16680439  0.1693026 ]
 [ 0.47271317  0.15135751  0.42899415  1.          0.08167351  0.52922792
   0.26445634  0.09041253  0.21796698  0.45491521]
 [-0.21993735 -0.76665334 -0.51057606  0.08167351  1.          0.05205804
  -0.70004285 -0.76714456  0.32743022  0.43314313]
 [ 0.63775758  0.30173041  0.45327586  0.52922792  0.05205804  1.
   0.45336892  0.34549764  0.60056376  0.66427458]
 [ 0.74467635  0.93544585  0.80913672  0.26445634 -0.70004285  0.45336892
   1.          0.87464039  0.3185707   0.12326636]
 [ 0.56492142  0.83684324  0.72896788  0.09041253 -0.76714456  0.34549764
   0.87464039  1.          0.17912497 -0.03053532]
 [ 0.42211169  0.22669001  0.16680439  0.21796698  0.32743022  0.60056376
   0.3185707   0.17912497  1.          0.67459635]
 [ 0.34676617  0.0952635   0.1693026   0.45491521  0.43314313  0.66427458
   0.12326636 -0.03053532  0.67459635  1.        ]]

Relative Error of L : 1.0943709345320212
Relative Error of S: 6.531172124416206
