DENISE trained 10 epochs with 800000 10x10 rank 3 matrices.
DENISE: 

L: 
 [[ 2.07978106e+00 -1.41830057e-01 -6.26291474e-03  2.36685544e-01
   2.04127684e-01  6.30034581e-02  3.32252197e-02 -1.96681973e-02
  -1.84549596e-02 -1.26846088e-02]
 [-1.41830057e-01  3.47542465e-01 -3.56525816e-02 -5.44228971e-01
  -5.20927131e-01 -1.19148128e-01  1.55600056e-01  2.48191491e-01
  -1.39595956e-01 -2.09545285e-01]
 [-6.26291474e-03 -3.56525816e-02  1.33598447e-02  1.76040068e-01
  -6.22734753e-03  6.77611097e-04 -5.70834382e-03 -4.77213878e-03
  -4.02342621e-03 -4.34236694e-03]
 [ 2.36685544e-01 -5.44228971e-01  1.76040068e-01  2.37914276e+00
   5.76843433e-02  4.21056487e-02 -1.00258440e-01 -1.14965260e-01
  -2.44917441e-02 -1.31661724e-02]
 [ 2.04127684e-01 -5.20927131e-01 -6.22734753e-03  5.76843433e-02
   1.15715599e+00  2.50305146e-01 -3.04477453e-01 -5.07933378e-01
   3.29967320e-01  4.83584344e-01]
 [ 6.30034581e-02 -1.19148128e-01  6.77611097e-04  4.21056487e-02
   2.50305146e-01  5.46400547e-02 -6.61693439e-02 -1.10367216e-01
   7.02884048e-02  1.03391349e-01]
 [ 3.32252197e-02  1.55600056e-01 -5.70834382e-03 -1.00258440e-01
  -3.04477453e-01 -6.61693439e-02  8.76294300e-02  1.40548617e-01
  -8.87768939e-02 -1.30347714e-01]
 [-1.96681973e-02  2.48191491e-01 -4.77213878e-03 -1.14965260e-01
  -5.07933378e-01 -1.10367216e-01  1.40548617e-01  2.29384750e-01
  -1.46118328e-01 -2.14528158e-01]
 [-1.84549596e-02 -1.39595956e-01 -4.02342621e-03 -2.44917441e-02
   3.29967320e-01  7.02884048e-02 -8.87768939e-02 -1.46118328e-01
   9.74147469e-02  1.41936004e-01]
 [-1.26846088e-02 -2.09545285e-01 -4.34236694e-03 -1.31661724e-02
   4.83584344e-01  1.03391349e-01 -1.30347714e-01 -2.14528158e-01
   1.41936004e-01  2.07088590e-01]]

S: 
[[-1.07978106  0.47723476  0.75463264 -0.13314337  0.01849934  0.59378666
   0.56105516  0.38218125  0.46731333  0.39667961]
 [ 0.47723476  0.65245754  0.42797     0.02641133  0.08840707  0.64180391
   0.71019957  0.55083231  0.76107527  0.09347765]
 [ 0.75463264  0.42797     0.98664016 -0.02538251  0.02581631  0.51005712
   0.60026894  0.46089211  0.3005578   0.24755899]
 [-0.13314337  0.02641133 -0.02538251 -1.37914276  0.03111889 -0.23704516
  -0.07332174 -0.24360817 -0.51868035  0.59702191]
 [ 0.01849934  0.08840707  0.02581631  0.03111889 -0.15715599 -0.02349264
  -0.06117162  0.02570229  0.01441367 -0.01767421]
 [ 0.59378666  0.64180391  0.51005712 -0.23704516 -0.02349264  0.94535995
   0.68413737  0.58249566  0.668266    0.22535565]
 [ 0.56105516  0.71019957  0.60026894 -0.07332174 -0.06117162  0.68413737
   0.91237057  0.68840631  0.64051493  0.26815381]
 [ 0.38218125  0.55083231  0.46089211 -0.24360817  0.02570229  0.58249566
   0.68840631  0.77061525  0.61331276  0.0243458 ]
 [ 0.46731333  0.76107527  0.3005578  -0.51868035  0.01441367  0.668266
   0.64051493  0.61331276  0.90258525  0.00234014]
 [ 0.39667961  0.09347765  0.24755899  0.59702191 -0.01767421  0.22535565
   0.26815381  0.0243458   0.00234014  0.79291141]]

------------

pcp: 

L: 
[[ 0.7158587   0.3410398   0.59101756  0.09469131  0.22998616  0.64795917
   0.58779125  0.35417746  0.45612552  0.37659804]
 [ 0.34195511  0.85635101  0.35393418 -0.45865844 -0.37899218  0.5112769
   0.83282156  0.79173189  0.62448166 -0.11482393]
 [ 0.58978482  0.35973686  0.53711016  0.11047249  0.00704131  0.5016451
   0.59315736  0.4161431   0.30405777  0.23521767]
 [ 0.09025605 -0.45969409  0.10866411  0.69699343  0.08243925 -0.21617873
  -0.17466542 -0.36837355 -0.54402133  0.26854469]
 [ 0.23044393 -0.38246173  0.01127469  0.08033888  0.81828639  0.24316522
  -0.35782105 -0.47326016  0.23415127  0.4337401 ]
 [ 0.62900031  0.50360231  0.48384525 -0.21941634  0.23915563  0.71241204
   0.60260216  0.43997019  0.69514131  0.27712576]
 [ 0.58405298  0.83851279  0.58547144 -0.168246   -0.36397517  0.6136891
   1.00251282  0.81588452  0.54219361  0.06821494]
 [ 0.35099643  0.78860361  0.41150464 -0.3675522  -0.47325155  0.44734215
   0.81051207  0.84966209  0.46752981 -0.19424001]
 [ 0.46021582  0.62295913  0.30434299 -0.54019405  0.23471869  0.70416659
   0.54640819  0.47068041  0.8865459   0.14748455]
 [ 0.37472452 -0.11531919  0.23253183  0.27048974  0.43568065  0.28426624
   0.06720196 -0.19367891  0.14567512  0.4404159 ]]

S: 
[[ 0.2841413  -0.          0.15735217  0.          0.          0.
   0.          0.          0.         -0.        ]
 [-0.          0.14364899  0.03838324 -0.0591592  -0.05352787  0.
   0.03297807 -0.          0.          0.        ]
 [ 0.15858491  0.03258056  0.46288984  0.04018506  0.01254766  0.
  -0.          0.03997687 -0.         -0.        ]
 [ 0.         -0.05812355  0.04199345  0.30300657 -0.          0.
   0.         -0.         -0.          0.31531105]
 [ 0.         -0.05005833  0.00831427 -0.          0.18171361 -0.
  -0.         -0.          0.11022972  0.03217003]
 [ 0.          0.          0.          0.         -0.          0.28758796
  -0.          0.02581671  0.0434131   0.05162124]
 [ 0.          0.02728684 -0.          0.         -0.         -0.
   0.          0.          0.          0.06959116]
 [ 0.         -0.          0.04461533 -0.         -0.          0.0247863
   0.          0.15033791 -0.         -0.        ]
 [ 0.          0.         -0.         -0.          0.1096623   0.03438782
   0.         -0.          0.1134541  -0.        ]
 [-0.          0.         -0.          0.313366    0.03022948  0.04448076
   0.07060413 -0.         -0.          0.5595841 ]]

------------

M: 
[[ 1.          0.3354047   0.74836973  0.10354217  0.22262703  0.65679011
   0.59428038  0.36251306  0.44885837  0.383995  ]
 [ 0.3354047   1.          0.39231742 -0.51781764 -0.43252006  0.52265578
   0.86579963  0.7990238   0.62147931 -0.11606763]
 [ 0.74836973  0.39231742  1.          0.15065756  0.01958896  0.51073473
   0.59456059  0.45611997  0.29653437  0.24321663]
 [ 0.10354217 -0.51781764  0.15065756  1.          0.08880323 -0.19493951
  -0.17358018 -0.35857343 -0.54317209  0.58385574]
 [ 0.22262703 -0.43252006  0.01958896  0.08880323  1.          0.22681251
  -0.36564907 -0.48223109  0.34438099  0.46591013]
 [ 0.65679011  0.52265578  0.51073473 -0.19493951  0.22681251  1.
   0.61796803  0.47212845  0.73855441  0.328747  ]
 [ 0.59428038  0.86579963  0.59456059 -0.17358018 -0.36564907  0.61796803
   1.          0.82895493  0.55173803  0.13780609]
 [ 0.36251306  0.7990238   0.45611997 -0.35857343 -0.48223109  0.47212845
   0.82895493  1.          0.46719443 -0.19018236]
 [ 0.44885837  0.62147931  0.29653437 -0.54317209  0.34438099  0.73855441
   0.55173803  0.46719443  1.          0.14427614]
 [ 0.383995   -0.11606763  0.24321663  0.58385574  0.46591013  0.328747
   0.13780609 -0.19018236  0.14427614  1.        ]]

Relative Error of L : 0.9871285752590689
Relative Error of S: 4.402910571506505
