DENISE trained 10 epochs with 800000 10x10 rank 3 matrices.
DENISE: 

L: 
 [[ 2.00842953e+00  9.15136337e-02  1.47911385e-01  3.88041079e-01
  -1.78209305e-01  1.87790338e-02  1.76641494e-01  1.24137543e-01
  -1.61659643e-01 -1.42284840e-01]
 [ 9.15136337e-02  6.16295815e-01  2.59604692e-01 -1.31231338e-01
  -8.45283866e-01 -9.00091529e-02  3.90887618e-01  5.44192553e-01
  -1.80543423e-01 -3.87411088e-01]
 [ 1.47911385e-01  2.59604692e-01  2.32624784e-01  4.67628539e-01
  -3.81472737e-01 -3.47650684e-02  2.07429394e-01  2.21430898e-01
  -9.47358385e-02 -1.83420956e-01]
 [ 3.88041079e-01 -1.31231338e-01  4.67628539e-01  2.24776912e+00
   7.30964467e-02  3.16556357e-02  9.58165154e-02 -1.50464296e-01
  -3.73021364e-02 -1.33733859e-03]
 [-1.78209305e-01 -8.45283866e-01 -3.81472737e-01  7.30964467e-02
   1.16507041e+00  1.22336961e-01 -5.46222568e-01 -7.45580316e-01
   2.53355891e-01  5.36587298e-01]
 [ 1.87790338e-02 -9.00091529e-02 -3.47650684e-02  3.16556357e-02
   1.22336961e-01  1.36800995e-02 -5.47483452e-02 -7.89007619e-02
   2.40615513e-02  5.50306924e-02]
 [ 1.76641494e-01  3.90887618e-01  2.07429394e-01  9.58165154e-02
  -5.46222568e-01 -5.47483452e-02  2.66191572e-01  3.44584316e-01
  -1.26020014e-01 -2.55575746e-01]
 [ 1.24137543e-01  5.44192553e-01  2.21430898e-01 -1.50464296e-01
  -7.45580316e-01 -7.89007619e-02  3.44584316e-01  4.82349277e-01
  -1.61370054e-01 -3.42574805e-01]
 [-1.61659643e-01 -1.80543423e-01 -9.47358385e-02 -3.73021364e-02
   2.53355891e-01  2.40615513e-02 -1.26020014e-01 -1.61370054e-01
   6.30932078e-02  1.20721921e-01]
 [-1.42284840e-01 -3.87411088e-01 -1.83420956e-01 -1.33733859e-03
   5.36587298e-01  5.50306924e-02 -2.55575746e-01 -3.42574805e-01
   1.20721921e-01  2.49203369e-01]]

S: 
[[-1.00842953e+00  4.59083045e-01  6.93072821e-01 -4.44381105e-02
   5.84501684e-04  6.13306188e-01  5.72432981e-01  4.44356173e-01
   6.17972239e-01  4.39112272e-01]
 [ 4.59083045e-01  3.83704185e-01  3.41309473e-01  5.12426833e-02
   1.45631365e-01  4.65730814e-01  5.26370594e-01  2.96469526e-01
   5.71686270e-01  3.84755917e-01]
 [ 6.93072821e-01  3.41309473e-01  7.67375216e-01 -3.13808736e-02
   7.92293130e-03  4.46547705e-01  5.69081671e-01  3.95968101e-01
   3.18066107e-01  3.48334852e-01]
 [-4.44381105e-02  5.12426833e-02 -3.13808736e-02 -1.24776912e+00
   4.72005008e-02  2.38300695e-01  2.00192954e-02  1.08513213e-01
   9.28961006e-03  5.10950176e-01]
 [ 5.84501684e-04  1.45631365e-01  7.92293130e-03  4.72005008e-02
  -1.65070415e-01 -2.07086293e-02 -1.06412878e-01  3.84283628e-02
   1.48872259e-02 -3.14068414e-02]
 [ 6.13306188e-01  4.65730814e-01  4.46547705e-01  2.38300695e-01
  -2.07086293e-02  9.86319900e-01  5.28644636e-01  4.44693664e-01
   6.51589214e-01  4.91065209e-01]
 [ 5.72432981e-01  5.26370594e-01  5.69081671e-01  2.00192954e-02
  -1.06412878e-01  5.28644636e-01  7.33808428e-01  5.30646574e-01
   5.45174295e-01  3.22594794e-01]
 [ 4.44356173e-01  2.96469526e-01  3.95968101e-01  1.08513213e-01
   3.84283628e-02  4.44693664e-01  5.30646574e-01  5.17650723e-01
   4.80198291e-01  2.15748652e-01]
 [ 6.17972239e-01  5.71686270e-01  3.18066107e-01  9.28961006e-03
   1.48872259e-02  6.51589214e-01  5.45174295e-01  4.80198291e-01
   9.36906792e-01  4.02258066e-01]
 [ 4.39112272e-01  3.84755917e-01  3.48334852e-01  5.10950176e-01
  -3.14068414e-02  4.91065209e-01  3.22594794e-01  2.15748652e-01
   4.02258066e-01  7.50796631e-01]]

------------

pcp: 

L: 
[[ 0.83549055  0.52950274  0.77549818  0.37064326 -0.17992818  0.66779988
   0.74500757  0.580578    0.47160911  0.36669036]
 [ 0.55238666  0.92128197  0.60683224 -0.06558527 -0.65866774  0.38796221
   0.93195576  0.84453195  0.41918833 -0.01636588]
 [ 0.74719089  0.57695575  0.84854604  0.39248702 -0.3986581   0.43585324
   0.775385    0.59556145  0.18789422  0.15334227]
 [ 0.39534794 -0.08791257  0.43103824  0.46677396  0.15256184  0.22899146
   0.11807842 -0.03364915 -0.03040611  0.26433975]
 [-0.18030926 -0.67292115 -0.39089916  0.13757285  0.8845911   0.11350487
  -0.61761228 -0.70564332  0.17506213  0.52167456]
 [ 0.6234886   0.35497819  0.42146276  0.1775503   0.10817669  0.68469585
   0.4930925   0.37038035  0.66025623  0.4945273 ]
 [ 0.72125677  0.93229915  0.78799428  0.09630843 -0.64101758  0.48907065
   1.0173309   0.87932321  0.42574189  0.06907085]
 [ 0.58688272  0.85827717  0.62980359 -0.01947116 -0.73220207  0.37158013
   0.89766047  0.90437599  0.30607399 -0.14041503]
 [ 0.47544848  0.39332986  0.19036674 -0.04754667  0.20891524  0.70609611
   0.43846735  0.32335757  0.87181825  0.57034559]
 [ 0.34495123 -0.03550818  0.16716208  0.22652755  0.49386748  0.49254983
   0.08955506 -0.11886142  0.51488416  0.63309686]]

S: 
[[ 0.16450945 -0.          0.06548602  0.          0.          0.
   0.00406691  0.          0.         -0.06986293]
 [-0.          0.07871803  0.         -0.01440338 -0.04098476 -0.
   0.          0.          0.          0.01221172]
 [ 0.09379331  0.          0.15145396  0.04376065  0.         -0.
   0.          0.         -0.          0.        ]
 [ 0.         -0.          0.00520943  0.53322604 -0.03226489  0.04096487
   0.         -0.         -0.          0.24527309]
 [ 0.         -0.02673135  0.         -0.00986572  0.1154089  -0.
  -0.0298955  -0.          0.09318098  0.        ]
 [ 0.         -0.         -0.          0.09240603 -0.          0.31530415
  -0.          0.          0.          0.0515686 ]
 [ 0.          0.          0.          0.         -0.0029892  -0.
   0.         -0.          0.          0.        ]
 [ 0.          0.          0.         -0.         -0.          0.
  -0.          0.09562401  0.         -0.        ]
 [ 0.          0.         -0.         -0.          0.05932787  0.
   0.          0.          0.12818175  0.        ]
 [-0.0481238   0.03285301  0.          0.28308528  0.          0.00916438
   0.         -0.          0.          0.36690314]]

------------

M: 
[[ 1.          0.55059668  0.84098421  0.34360297 -0.1776248   0.63208522
   0.74907448  0.56849372  0.4563126   0.29682743]
 [ 0.55059668  1.          0.60091417 -0.07998865 -0.6996525   0.37572166
   0.91725821  0.84066208  0.39114285 -0.00265517]
 [ 0.84098421  0.60091417  1.          0.43624767 -0.37354981  0.41178264
   0.77651106  0.617399    0.22333027  0.1649139 ]
 [ 0.34360297 -0.07998865  0.43624767  1.          0.12029695  0.26995633
   0.11583581 -0.04195108 -0.02801253  0.50961284]
 [-0.1776248  -0.6996525  -0.37354981  0.12029695  1.          0.10162833
  -0.65263545 -0.70715195  0.26824312  0.50518046]
 [ 0.63208522  0.37572166  0.41178264  0.26995633  0.10162833  1.
   0.47389629  0.3657929   0.67565077  0.5460959 ]
 [ 0.74907448  0.91725821  0.77651106  0.11583581 -0.65263545  0.47389629
   1.          0.87523089  0.41915428  0.06701905]
 [ 0.56849372  0.84066208  0.617399   -0.04195108 -0.70715195  0.3657929
   0.87523089  1.          0.31882824 -0.12682615]
 [ 0.4563126   0.39114285  0.22333027 -0.02801253  0.26824312  0.67565077
   0.41915428  0.31882824  1.          0.52297999]
 [ 0.29682743 -0.00265517  0.1649139   0.50961284  0.50518046  0.5460959
   0.06701905 -0.12682615  0.52297999  1.        ]]

Relative Error of L : 0.8499506447315428
Relative Error of S: 5.00550919899747
