DENISE trained 300 epochs with 800000 10x10 rank 3 matrices.
DENISE: 

L: 
 [[ 2.1328278e-02  4.7067016e-02 -4.1581485e-03 -8.1333881e-03
  -2.2798814e-01 -5.0106510e-03  6.0527708e-02 -3.9566420e-03
  -8.2819685e-03  5.5717822e-04]
 [ 4.7067016e-02  2.7032351e+00 -1.5702669e-02 -1.8624464e-03
   2.8090859e-02 -1.2528112e-02  2.1293515e-03  7.8033939e-02
   3.1743150e-02 -7.7115536e-02]
 [-4.1581485e-03 -1.5702669e-02  4.2585474e-03  1.9012560e-03
   5.3220462e-02 -1.3780809e-04 -1.3393988e-02  1.1226273e-03
   8.9638621e-02  2.9144844e-04]
 [-8.1333881e-03 -1.8624464e-03  1.9012560e-03  3.2380861e-03
   9.1277398e-02  1.7856609e-03 -2.4094788e-02  2.1048211e-03
   1.2611991e-02 -6.7621970e-04]
 [-2.2798814e-01  2.8090859e-02  5.3220462e-02  9.1277398e-02
   2.5753953e+00  4.9967054e-02 -6.7953634e-01  6.1701998e-02
   3.5835403e-01 -2.1367807e-02]
 [-5.0106510e-03 -1.2528112e-02 -1.3780809e-04  1.7856609e-03
   4.9967054e-02  1.5424787e-03 -1.3518482e-02  6.9496746e-04
  -2.6811875e-02 -1.5285207e-04]
 [ 6.0527708e-02  2.1293515e-03 -1.3393988e-02 -2.4094788e-02
  -6.7953634e-01 -1.3518482e-02  1.7949706e-01 -1.5935078e-02
  -7.5446226e-02  5.4289075e-03]
 [-3.9566420e-03  7.8033939e-02  1.1226273e-03  2.1048211e-03
   6.1701998e-02  6.9496746e-04 -1.5935078e-02  3.7245634e-03
   1.7825151e-02 -2.6847504e-03]
 [-8.2819685e-03  3.1743150e-02  8.9638621e-02  1.2611991e-02
   3.5835403e-01 -2.6811875e-02 -7.5446226e-02  1.7825151e-02
   2.2686009e+00  3.5001996e-03]
 [ 5.5717822e-04 -7.7115536e-02  2.9144844e-04 -6.7621970e-04
  -2.1367807e-02 -1.5285207e-04  5.4289075e-03 -2.6847504e-03
   3.5001996e-03  2.3879344e-03]]

S: 
[[ 0.97867172  0.51365703  0.79863649  0.48084656  0.00805079  0.64276823
   0.68414864  0.56887806  0.43039366  0.34620899]
 [ 0.51365703 -1.70323515  0.70072833  0.15321996 -0.7947442   0.31425853
   0.9333165   0.7588093   0.19494686  0.17237903]
 [ 0.79863649  0.70072833  0.99574145  0.42709289 -0.56379652  0.45341367
   0.82253071  0.72784525  0.07716577  0.16901115]
 [ 0.48084656  0.15321996  0.42709289  0.99676191 -0.00960389  0.52744226
   0.28855113  0.08830771  0.20535499  0.45559143]
 [ 0.00805079 -0.7947442  -0.56379652 -0.00960389 -1.57539535  0.00209099
  -0.02050651 -0.82884655 -0.03092381  0.45451094]
 [ 0.64276823  0.31425853  0.45341367  0.52744226  0.00209099  0.99845752
   0.46688741  0.34480267  0.62737563  0.66442743]
 [ 0.68414864  0.9333165   0.82253071  0.28855113 -0.02050651  0.46688741
   0.82050294  0.89057547  0.39401693  0.11783746]
 [ 0.56887806  0.7588093   0.72784525  0.08830771 -0.82884655  0.34480267
   0.89057547  0.99627544  0.16129982 -0.02785057]
 [ 0.43039366  0.19494686  0.07716577  0.20535499 -0.03092381  0.62737563
   0.39401693  0.16129982 -1.26860094  0.67109615]
 [ 0.34620899  0.17237903  0.16901115  0.45559143  0.45451094  0.66442743
   0.11783746 -0.02785057  0.67109615  0.99761207]]

------------

pcp: 

L: 
[[ 0.68911122  0.67867144  0.72936711  0.34790153 -0.47080877  0.50652475
   0.81320561  0.71735215  0.28307377  0.17702453]
 [ 0.57963167  0.67500448  0.58856929  0.22176995 -0.46234566  0.46652539
   0.78285454  0.71105704  0.31865733  0.13116873]
 [ 0.67313625  0.64410487  0.78476643  0.35432036 -0.53535432  0.40779418
   0.79247022  0.72851895  0.08774222  0.01496794]
 [ 0.39822698  0.14499801  0.36577583  0.36639433  0.03352549  0.33163016
   0.20825821  0.0789275   0.2675231   0.41741321]
 [-0.31507237 -0.64445764 -0.50591578  0.0620567   0.75364537 -0.06485752
  -0.74845447 -0.84938121  0.26062057  0.57588773]
 [ 0.5545471   0.40369717  0.43104044  0.37219856 -0.04308777  0.57550817
   0.47441833  0.297568    0.60576565  0.61829967]
 [ 0.71670853  0.76245559  0.72971563  0.32294615 -0.5059588   0.56680291
   0.89587935  0.79391951  0.37754215  0.21088272]
 [ 0.5849268   0.7508731   0.66334882  0.17849563 -0.62199673  0.3967215
   0.87645534  0.84961888  0.15430569 -0.08411127]
 [ 0.34547424  0.33373601  0.15107205  0.17351412  0.04690495  0.50538729
   0.35054112  0.20223033  0.69221957  0.60360997]
 [ 0.33271061  0.09185971  0.11915155  0.32127098  0.29619181  0.4930108
   0.10058264 -0.09919232  0.69790901  0.81355579]]

S: 
[[ 3.10888781e-01 -0.00000000e+00  6.51112284e-02  0.00000000e+00
   2.50871425e-01  0.00000000e+00  0.00000000e+00  0.00000000e+00
   0.00000000e+00 -0.00000000e+00]
 [-0.00000000e+00  3.24995522e-01  0.00000000e+00  0.00000000e+00
  -2.49738428e-01 -1.53936690e-01  6.78277733e-03  0.00000000e+00
   0.00000000e+00  0.00000000e+00]
 [ 1.21342085e-01  0.00000000e+00  2.15233572e-01  7.46737876e-02
   0.00000000e+00 -0.00000000e+00  0.00000000e+00  0.00000000e+00
  -0.00000000e+00  0.00000000e+00]
 [ 0.00000000e+00  0.00000000e+00  6.32183195e-02  6.33605670e-01
  -0.00000000e+00  1.97597753e-01 -0.00000000e+00 -0.00000000e+00
  -4.95561104e-02  3.75019915e-02]
 [ 3.31756575e-02 -1.18675818e-02  0.00000000e+00 -0.00000000e+00
   2.10328474e-01 -0.00000000e+00 -0.00000000e+00 -0.00000000e+00
   3.09177096e-02  0.00000000e+00]
 [ 0.00000000e+00 -0.00000000e+00 -0.00000000e+00  1.57029358e-01
  -0.00000000e+00  4.24491831e-01 -0.00000000e+00  0.00000000e+00
   0.00000000e+00  0.00000000e+00]
 [ 3.80545806e-04  1.72990266e-01  0.00000000e+00 -0.00000000e+00
  -0.00000000e+00 -0.00000000e+00  3.45348490e-02 -0.00000000e+00
   0.00000000e+00 -0.00000000e+00]
 [ 0.00000000e+00  0.00000000e+00  5.68325344e-02 -8.80831073e-02
  -1.45147827e-01  0.00000000e+00 -0.00000000e+00  1.50381121e-01
   0.00000000e+00 -0.00000000e+00]
 [ 0.00000000e+00  0.00000000e+00 -0.00000000e+00 -0.00000000e+00
   2.80525272e-01  0.00000000e+00  0.00000000e+00  0.00000000e+00
   3.07780428e-01  0.00000000e+00]
 [-0.00000000e+00  3.40378390e-03  0.00000000e+00  1.33644223e-01
   0.00000000e+00  0.00000000e+00 -0.00000000e+00 -0.00000000e+00
   0.00000000e+00  1.86444214e-01]]

------------

M: 
[[ 1.          0.56072405  0.79447834  0.47271317 -0.21993735  0.63775758
   0.74467635  0.56492142  0.42211169  0.34676617]
 [ 0.56072405  1.          0.68502566  0.15135751 -0.76665334  0.30173041
   0.93544585  0.83684324  0.22669001  0.0952635 ]
 [ 0.79447834  0.68502566  1.          0.42899415 -0.51057606  0.45327586
   0.80913672  0.72896788  0.16680439  0.1693026 ]
 [ 0.47271317  0.15135751  0.42899415  1.          0.08167351  0.52922792
   0.26445634  0.09041253  0.21796698  0.45491521]
 [-0.21993735 -0.76665334 -0.51057606  0.08167351  1.          0.05205804
  -0.70004285 -0.76714456  0.32743022  0.43314313]
 [ 0.63775758  0.30173041  0.45327586  0.52922792  0.05205804  1.
   0.45336892  0.34549764  0.60056376  0.66427458]
 [ 0.74467635  0.93544585  0.80913672  0.26445634 -0.70004285  0.45336892
   1.          0.87464039  0.3185707   0.12326636]
 [ 0.56492142  0.83684324  0.72896788  0.09041253 -0.76714456  0.34549764
   0.87464039  1.          0.17912497 -0.03053532]
 [ 0.42211169  0.22669001  0.16680439  0.21796698  0.32743022  0.60056376
   0.3185707   0.17912497  1.          0.67459635]
 [ 0.34676617  0.0952635   0.1693026   0.45491521  0.43314313  0.66427458
   0.12326636 -0.03053532  0.67459635  1.        ]]

Relative Error of L : 1.1320834313538366
Relative Error of S: 4.925031097941076
