DENISE trained 300 epochs with 800000 10x10 rank 3 matrices.
DENISE: 

L: 
 [[ 2.1328278e-02  4.7067016e-02 -4.1581485e-03 -8.1333881e-03
  -2.2798814e-01 -5.0106510e-03  6.0527708e-02 -3.9566420e-03
  -8.2819685e-03  5.5717822e-04]
 [ 4.7067016e-02  2.7032351e+00 -1.5702669e-02 -1.8624464e-03
   2.8090859e-02 -1.2528112e-02  2.1293515e-03  7.8033939e-02
   3.1743150e-02 -7.7115536e-02]
 [-4.1581485e-03 -1.5702669e-02  4.2585474e-03  1.9012560e-03
   5.3220462e-02 -1.3780809e-04 -1.3393988e-02  1.1226273e-03
   8.9638621e-02  2.9144844e-04]
 [-8.1333881e-03 -1.8624464e-03  1.9012560e-03  3.2380861e-03
   9.1277398e-02  1.7856609e-03 -2.4094788e-02  2.1048211e-03
   1.2611991e-02 -6.7621970e-04]
 [-2.2798814e-01  2.8090859e-02  5.3220462e-02  9.1277398e-02
   2.5753953e+00  4.9967054e-02 -6.7953634e-01  6.1701998e-02
   3.5835403e-01 -2.1367807e-02]
 [-5.0106510e-03 -1.2528112e-02 -1.3780809e-04  1.7856609e-03
   4.9967054e-02  1.5424787e-03 -1.3518482e-02  6.9496746e-04
  -2.6811875e-02 -1.5285207e-04]
 [ 6.0527708e-02  2.1293515e-03 -1.3393988e-02 -2.4094788e-02
  -6.7953634e-01 -1.3518482e-02  1.7949706e-01 -1.5935078e-02
  -7.5446226e-02  5.4289075e-03]
 [-3.9566420e-03  7.8033939e-02  1.1226273e-03  2.1048211e-03
   6.1701998e-02  6.9496746e-04 -1.5935078e-02  3.7245634e-03
   1.7825151e-02 -2.6847504e-03]
 [-8.2819685e-03  3.1743150e-02  8.9638621e-02  1.2611991e-02
   3.5835403e-01 -2.6811875e-02 -7.5446226e-02  1.7825151e-02
   2.2686009e+00  3.5001996e-03]
 [ 5.5717822e-04 -7.7115536e-02  2.9144844e-04 -6.7621970e-04
  -2.1367807e-02 -1.5285207e-04  5.4289075e-03 -2.6847504e-03
   3.5001996e-03  2.3879344e-03]]

S: 
[[ 0.97867172  0.51365703  0.79863649  0.48084656  0.00805079  0.64276823
   0.68414864  0.56887806  0.43039366  0.34620899]
 [ 0.51365703 -1.70323515  0.70072833  0.15321996 -0.7947442   0.31425853
   0.9333165   0.7588093   0.19494686  0.17237903]
 [ 0.79863649  0.70072833  0.99574145  0.42709289 -0.56379652  0.45341367
   0.82253071  0.72784525  0.07716577  0.16901115]
 [ 0.48084656  0.15321996  0.42709289  0.99676191 -0.00960389  0.52744226
   0.28855113  0.08830771  0.20535499  0.45559143]
 [ 0.00805079 -0.7947442  -0.56379652 -0.00960389 -1.57539535  0.00209099
  -0.02050651 -0.82884655 -0.03092381  0.45451094]
 [ 0.64276823  0.31425853  0.45341367  0.52744226  0.00209099  0.99845752
   0.46688741  0.34480267  0.62737563  0.66442743]
 [ 0.68414864  0.9333165   0.82253071  0.28855113 -0.02050651  0.46688741
   0.82050294  0.89057547  0.39401693  0.11783746]
 [ 0.56887806  0.7588093   0.72784525  0.08830771 -0.82884655  0.34480267
   0.89057547  0.99627544  0.16129982 -0.02785057]
 [ 0.43039366  0.19494686  0.07716577  0.20535499 -0.03092381  0.62737563
   0.39401693  0.16129982 -1.26860094  0.67109615]
 [ 0.34620899  0.17237903  0.16901115  0.45559143  0.45451094  0.66442743
   0.11783746 -0.02785057  0.67109615  0.99761207]]

------------

pcp: 

L: 
[[ 0.73560296  0.45453897  0.62020431  0.43739188 -0.16549168  0.54941969
   0.62403973  0.45791242  0.48530137  0.50103242]
 [ 0.71092246  0.85961348  0.70294949  0.08687721 -0.82295513  0.18004143
   0.97986059  0.88706561  0.32751136  0.0497061 ]
 [ 0.78535505  0.59439923  0.76057663  0.33833934 -0.48227829  0.2840659
   0.78730615  0.62639966  0.27185536  0.22901212]
 [ 0.43959091  0.05843837  0.33234507  0.42347201  0.21082403  0.46425488
   0.18645571  0.0525862   0.32008376  0.48136931]
 [-0.15507816 -0.45864263 -0.22859849  0.20258428  0.62298106  0.21210843
  -0.45952072 -0.48285212  0.04462141  0.29228212]
 [ 0.69286942  0.40997825  0.51476824  0.46410958 -0.00609694  0.72453914
   0.5504097   0.39203545  0.65339872  0.66596154]
 [ 0.88933461  0.92148504  0.85656356  0.22285752 -0.8149779   0.30904096
   1.09276655  0.95164213  0.41725306  0.18045219]
 [ 0.59401796  0.72852509  0.57717322  0.07175304 -0.68010625  0.17942783
   0.82380287  0.74812366  0.30743052  0.0652316 ]
 [ 0.43711439  0.28943275  0.2486864   0.31666333  0.10365726  0.67858383
   0.34764803  0.25402217  0.64685264  0.61410751]
 [ 0.30377222 -0.07278784  0.08005569  0.45358181  0.55129586  0.77500205
  -0.01215539 -0.12097873  0.61579668  0.77819098]]

S: 
[[ 0.26439704 -0.          0.17427403  0.          0.          0.
   0.12063662  0.          0.         -0.15426625]
 [-0.          0.14038652  0.          0.         -0.         -0.
   0.          0.          0.          0.04555739]
 [ 0.00912329  0.          0.23942337  0.          0.         -0.
   0.          0.10256821 -0.06992334  0.        ]
 [ 0.          0.          0.          0.57652799 -0.          0.06497304
  -0.         -0.         -0.10211677  0.        ]
 [ 0.         -0.15429052  0.         -0.          0.37701894 -0.13227273
  -0.         -0.28429244  0.28280881  0.        ]
 [ 0.         -0.10824783 -0.          0.06511833 -0.          0.27546086
  -0.          0.          0.          0.        ]
 [ 0.          0.          0.         -0.         -0.         -0.
   0.         -0.          0.         -0.        ]
 [ 0.          0.          0.11314539 -0.         -0.          0.16606981
  -0.          0.25187634  0.         -0.        ]
 [ 0.          0.         -0.         -0.09869635  0.22377296  0.
   0.          0.          0.35314736  0.        ]
 [-0.          0.16805134  0.          0.          0.          0.
  -0.         -0.          0.03106112  0.22180902]]

------------

M: 
[[ 1.          0.56072405  0.79447834  0.47271317 -0.21993735  0.63775758
   0.74467635  0.56492142  0.42211169  0.34676617]
 [ 0.56072405  1.          0.68502566  0.15135751 -0.76665334  0.30173041
   0.93544585  0.83684324  0.22669001  0.0952635 ]
 [ 0.79447834  0.68502566  1.          0.42899415 -0.51057606  0.45327586
   0.80913672  0.72896788  0.16680439  0.1693026 ]
 [ 0.47271317  0.15135751  0.42899415  1.          0.08167351  0.52922792
   0.26445634  0.09041253  0.21796698  0.45491521]
 [-0.21993735 -0.76665334 -0.51057606  0.08167351  1.          0.05205804
  -0.70004285 -0.76714456  0.32743022  0.43314313]
 [ 0.63775758  0.30173041  0.45327586  0.52922792  0.05205804  1.
   0.45336892  0.34549764  0.60056376  0.66427458]
 [ 0.74467635  0.93544585  0.80913672  0.26445634 -0.70004285  0.45336892
   1.          0.87464039  0.3185707   0.12326636]
 [ 0.56492142  0.83684324  0.72896788  0.09041253 -0.76714456  0.34549764
   0.87464039  1.          0.17912497 -0.03053532]
 [ 0.42211169  0.22669001  0.16680439  0.21796698  0.32743022  0.60056376
   0.3185707   0.17912497  1.          0.67459635]
 [ 0.34676617  0.0952635   0.1693026   0.45491521  0.43314313  0.66427458
   0.12326636 -0.03053532  0.67459635  1.        ]]

Relative Error of L : 1.1208235409045788
Relative Error of S: 5.051482982696397
