DENISE trained 300 epochs with 800000 10x10 rank 3 matrices.
DENISE: 

L: 
 [[ 2.1328278e-02  4.7067016e-02 -4.1581485e-03 -8.1333881e-03
  -2.2798814e-01 -5.0106510e-03  6.0527708e-02 -3.9566420e-03
  -8.2819685e-03  5.5717822e-04]
 [ 4.7067016e-02  2.7032351e+00 -1.5702669e-02 -1.8624464e-03
   2.8090859e-02 -1.2528112e-02  2.1293515e-03  7.8033939e-02
   3.1743150e-02 -7.7115536e-02]
 [-4.1581485e-03 -1.5702669e-02  4.2585474e-03  1.9012560e-03
   5.3220462e-02 -1.3780809e-04 -1.3393988e-02  1.1226273e-03
   8.9638621e-02  2.9144844e-04]
 [-8.1333881e-03 -1.8624464e-03  1.9012560e-03  3.2380861e-03
   9.1277398e-02  1.7856609e-03 -2.4094788e-02  2.1048211e-03
   1.2611991e-02 -6.7621970e-04]
 [-2.2798814e-01  2.8090859e-02  5.3220462e-02  9.1277398e-02
   2.5753953e+00  4.9967054e-02 -6.7953634e-01  6.1701998e-02
   3.5835403e-01 -2.1367807e-02]
 [-5.0106510e-03 -1.2528112e-02 -1.3780809e-04  1.7856609e-03
   4.9967054e-02  1.5424787e-03 -1.3518482e-02  6.9496746e-04
  -2.6811875e-02 -1.5285207e-04]
 [ 6.0527708e-02  2.1293515e-03 -1.3393988e-02 -2.4094788e-02
  -6.7953634e-01 -1.3518482e-02  1.7949706e-01 -1.5935078e-02
  -7.5446226e-02  5.4289075e-03]
 [-3.9566420e-03  7.8033939e-02  1.1226273e-03  2.1048211e-03
   6.1701998e-02  6.9496746e-04 -1.5935078e-02  3.7245634e-03
   1.7825151e-02 -2.6847504e-03]
 [-8.2819685e-03  3.1743150e-02  8.9638621e-02  1.2611991e-02
   3.5835403e-01 -2.6811875e-02 -7.5446226e-02  1.7825151e-02
   2.2686009e+00  3.5001996e-03]
 [ 5.5717822e-04 -7.7115536e-02  2.9144844e-04 -6.7621970e-04
  -2.1367807e-02 -1.5285207e-04  5.4289075e-03 -2.6847504e-03
   3.5001996e-03  2.3879344e-03]]

S: 
[[ 0.97867172  0.51365703  0.79863649  0.48084656  0.00805079  0.64276823
   0.68414864  0.56887806  0.43039366  0.34620899]
 [ 0.51365703 -1.70323515  0.70072833  0.15321996 -0.7947442   0.31425853
   0.9333165   0.7588093   0.19494686  0.17237903]
 [ 0.79863649  0.70072833  0.99574145  0.42709289 -0.56379652  0.45341367
   0.82253071  0.72784525  0.07716577  0.16901115]
 [ 0.48084656  0.15321996  0.42709289  0.99676191 -0.00960389  0.52744226
   0.28855113  0.08830771  0.20535499  0.45559143]
 [ 0.00805079 -0.7947442  -0.56379652 -0.00960389 -1.57539535  0.00209099
  -0.02050651 -0.82884655 -0.03092381  0.45451094]
 [ 0.64276823  0.31425853  0.45341367  0.52744226  0.00209099  0.99845752
   0.46688741  0.34480267  0.62737563  0.66442743]
 [ 0.68414864  0.9333165   0.82253071  0.28855113 -0.02050651  0.46688741
   0.82050294  0.89057547  0.39401693  0.11783746]
 [ 0.56887806  0.7588093   0.72784525  0.08830771 -0.82884655  0.34480267
   0.89057547  0.99627544  0.16129982 -0.02785057]
 [ 0.43039366  0.19494686  0.07716577  0.20535499 -0.03092381  0.62737563
   0.39401693  0.16129982 -1.26860094  0.67109615]
 [ 0.34620899  0.17237903  0.16901115  0.45559143  0.45451094  0.66442743
   0.11783746 -0.02785057  0.67109615  0.99761207]]

------------

pcp: 

L: 
[[ 0.47909474  0.44721512  0.46874508  0.31131289 -0.32120656  0.40370464
   0.48076677  0.39519838  0.31823403  0.34211813]
 [ 0.64919043  0.95564943  0.78621774  0.22557269 -0.86513818  0.35299029
   0.960477    0.85533807  0.28509902  0.10647038]
 [ 0.5567053   0.64246042  0.70752893  0.3421186  -0.64845723  0.29679845
   0.6597621   0.59331639  0.08755223  0.11885489]
 [ 0.48682101  0.20561105  0.44045047  0.48816323 -0.10152952  0.48034516
   0.26378369  0.18818583  0.27669395  0.50176452]
 [-0.23675478 -0.70267945 -0.53145334  0.07534247  0.85472984  0.15482346
  -0.65708689 -0.65407598  0.23693798  0.45092386]
 [ 0.66058207  0.36621003  0.47105546  0.53968485 -0.05910796  0.75923135
   0.44610315  0.30254811  0.68449874  0.82110228]
 [ 0.73267764  0.99763335  0.85403053  0.300745   -0.87879162  0.44171616
   1.01237342  0.89165292  0.35208891  0.2004872 ]
 [ 0.55341664  0.86463328  0.71515163  0.17472489 -0.82534649  0.25104702
   0.86136572  0.77948595  0.1730793   0.00715408]
 [ 0.30842475  0.15294799  0.03277442  0.18155926  0.19753266  0.53464086
   0.20445703  0.08919255  0.70435178  0.65216664]
 [ 0.35798739 -0.02546968  0.06899915  0.37795758  0.34459732  0.62065685
   0.04989681 -0.0586247   0.65283758  0.79866879]]

S: 
[[ 0.52090526 -0.          0.32573326  0.          0.          0.16459577
   0.26390958  0.          0.         -0.        ]
 [-0.          0.04435057  0.          0.         -0.         -0.
   0.          0.          0.          0.        ]
 [ 0.23777304  0.          0.29247107  0.07295543  0.         -0.
   0.          0.10035484 -0.          0.        ]
 [ 0.          0.          0.          0.51183677 -0.          0.04888276
  -0.         -0.0977733  -0.05872696  0.        ]
 [ 0.         -0.06397389  0.         -0.          0.14527016 -0.10276541
  -0.         -0.11306858  0.09049224  0.        ]
 [ 0.         -0.         -0.          0.         -0.          0.24076865
  -0.          0.          0.          0.        ]
 [ 0.01199871  0.          0.         -0.         -0.         -0.
   0.         -0.          0.         -0.        ]
 [ 0.          0.          0.01381625 -0.08431236 -0.          0.09445062
  -0.          0.22051405  0.         -0.        ]
 [ 0.          0.         -0.         -0.          0.12989756  0.
   0.          0.          0.29564822  0.0175683 ]
 [-0.01122122  0.12073318  0.          0.07695762  0.          0.
  -0.         -0.          0.02175877  0.20133121]]

------------

M: 
[[ 1.          0.56072405  0.79447834  0.47271317 -0.21993735  0.63775758
   0.74467635  0.56492142  0.42211169  0.34676617]
 [ 0.56072405  1.          0.68502566  0.15135751 -0.76665334  0.30173041
   0.93544585  0.83684324  0.22669001  0.0952635 ]
 [ 0.79447834  0.68502566  1.          0.42899415 -0.51057606  0.45327586
   0.80913672  0.72896788  0.16680439  0.1693026 ]
 [ 0.47271317  0.15135751  0.42899415  1.          0.08167351  0.52922792
   0.26445634  0.09041253  0.21796698  0.45491521]
 [-0.21993735 -0.76665334 -0.51057606  0.08167351  1.          0.05205804
  -0.70004285 -0.76714456  0.32743022  0.43314313]
 [ 0.63775758  0.30173041  0.45327586  0.52922792  0.05205804  1.
   0.45336892  0.34549764  0.60056376  0.66427458]
 [ 0.74467635  0.93544585  0.80913672  0.26445634 -0.70004285  0.45336892
   1.          0.87464039  0.3185707   0.12326636]
 [ 0.56492142  0.83684324  0.72896788  0.09041253 -0.76714456  0.34549764
   0.87464039  1.          0.17912497 -0.03053532]
 [ 0.42211169  0.22669001  0.16680439  0.21796698  0.32743022  0.60056376
   0.3185707   0.17912497  1.          0.67459635]
 [ 0.34676617  0.0952635   0.1693026   0.45491521  0.43314313  0.66427458
   0.12326636 -0.03053532  0.67459635  1.        ]]

Relative Error of L : 1.083095761043206
Relative Error of S: 5.124220190497519
