DENISE trained 300 epochs with 800000 10x10 rank 3 matrices.
DENISE: 

L: 
 [[ 1.8161644   0.09134024  0.04368062  0.25624484 -0.13654621 -0.09557652
   0.07671764  0.04008934  0.0357809  -0.15749991]
 [ 0.09134024  0.42296046  0.25082126 -0.22726418 -0.68431604 -0.10778782
   0.37295058  0.42937183 -0.19727807 -0.36308923]
 [ 0.04368062  0.25082126  0.14998826 -0.09059346 -0.41239607 -0.06259573
   0.22666375  0.2585385  -0.11881346 -0.21846768]
 [ 0.25624484 -0.22726418 -0.09059346  1.9539928   0.11701532  0.08055891
   0.01106886 -0.09991867  0.06636397  0.04174211]
 [-0.13654621 -0.68431604 -0.41239607  0.11701532  1.1430824   0.16898301
  -0.63352776 -0.7148476   0.32718542  0.60680854]
 [-0.09557652 -0.10778782 -0.06259573  0.08055891  0.16898301  0.03106402
  -0.09072688 -0.10456114  0.04608069  0.09296755]
 [ 0.07671764  0.37295058  0.22666375  0.01106886 -0.63352776 -0.09072688
   0.35413808  0.39536753 -0.18043    -0.3366624 ]
 [ 0.04008934  0.42937183  0.2585385  -0.09991867 -0.7148476  -0.10456114
   0.39536753  0.4483925  -0.20672262 -0.3772593 ]
 [ 0.0357809  -0.19727807 -0.11881346  0.06636397  0.32718542  0.04608069
  -0.18043    -0.20672262  0.09701061  0.17006458]
 [-0.15749991 -0.36308923 -0.21846768  0.04174211  0.60680854  0.09296755
  -0.3366624  -0.3772593   0.17006458  0.32617208]]

S: 
[[-0.81616437  0.45342036  0.79445031  0.01169252  0.00200026  0.72897675
   0.67134626  0.52017858  0.43066057  0.44617736]
 [ 0.45342036  0.57703954  0.36120664  0.04777892  0.02151052  0.51629984
   0.54118678  0.41435144  0.64252543  0.33422045]
 [ 0.79445031  0.36120664  0.85001174  0.40477684  0.06860508  0.49866244
   0.55602247  0.36777157  0.39418156  0.35773124]
 [ 0.01169252  0.04777892  0.40477684 -0.95399284  0.01556099  0.0609766
   0.03600906 -0.03423905 -0.22574916  0.48377876]
 [ 0.00200026  0.02151052  0.06860508  0.01556099 -0.14308238 -0.03755077
   0.02227836  0.05134069 -0.05320878 -0.09927669]
 [ 0.72897675  0.51629984  0.49866244  0.0609766  -0.03755077  0.96893598
   0.57551916  0.49559784  0.65549875  0.40030438]
 [ 0.67134626  0.54118678  0.55602247  0.03600906  0.02227836  0.57551916
   0.64586192  0.46861579  0.6251373   0.40550826]
 [ 0.52017858  0.41435144  0.36777157 -0.03423905  0.05134069  0.49559784
   0.46861579  0.55160749  0.5767269   0.23520436]
 [ 0.43066057  0.64252543  0.39418156 -0.22574916 -0.05320878  0.65549875
   0.6251373   0.5767269   0.90298939  0.26622336]
 [ 0.44617736  0.33422045  0.35773124  0.48377876 -0.09927669  0.40030438
   0.40550826  0.23520436  0.26622336  0.67382792]]

------------

pcp: 

L: 
[[ 0.48332982  0.53139303  0.38504102  0.02576012 -0.14245929  0.50611355
   0.53616849  0.4777723   0.52628251  0.29423031]
 [ 0.60473358  0.94991659  0.66693062 -0.06858794 -0.65326051  0.45591409
   0.94683036  0.88403134  0.47144699  0.04753146]
 [ 0.43074074  0.62185017  0.45968934  0.03799263 -0.37134597  0.35691827
   0.6344105   0.52076514  0.34589068  0.16167816]
 [ 0.07087755 -0.0458772   0.04730347  0.28540497  0.19496462  0.14458908
   0.00464205 -0.24432889  0.06732724  0.41584295]
 [-0.13208379 -0.60067225 -0.37617584  0.23722651  0.80126145  0.14270047
  -0.57145291 -0.65441179  0.1231632   0.51350181]
 [ 0.64895512  0.51656641  0.41665996  0.19635085  0.14058103  0.79947605
   0.54700855  0.37012804  0.80055846  0.70695576]
 [ 0.66966934  0.98637875  0.71868078  0.02302529 -0.61114779  0.54352295
   0.99966721  0.85256953  0.53604626  0.20074835]
 [ 0.50119948  0.87464059  0.55511433 -0.26923664 -0.69427496  0.32858747
   0.83429232  0.96544272  0.40291857 -0.23700317]
 [ 0.59110881  0.46824923  0.34530535  0.07038993  0.12745138  0.73267929
   0.47497142  0.42216952  0.77253077  0.53924902]
 [ 0.33779324  0.01346605  0.11283768  0.39907268  0.50710195  0.5692635
   0.07727434 -0.22888187  0.50520203  0.85797889]]

S: 
[[ 5.16670182e-01 -0.00000000e+00  4.53089909e-01  0.00000000e+00
   0.00000000e+00  1.21402756e-01  7.28879684e-02  0.00000000e+00
   0.00000000e+00 -0.00000000e+00]
 [-0.00000000e+00  5.00834092e-02  0.00000000e+00 -1.10897321e-01
  -9.54500955e-03  0.00000000e+00  0.00000000e+00 -0.00000000e+00
   0.00000000e+00  0.00000000e+00]
 [ 4.07390192e-01  0.00000000e+00  5.40310664e-01  2.56815425e-01
   0.00000000e+00 -0.00000000e+00  0.00000000e+00  0.00000000e+00
  -0.00000000e+00  0.00000000e+00]
 [ 0.00000000e+00 -1.33608058e-01  2.66879921e-01  7.14595031e-01
  -6.23883150e-02  0.00000000e+00 -0.00000000e+00 -0.00000000e+00
  -2.26712432e-01  1.09677914e-01]
 [ 0.00000000e+00 -0.00000000e+00  0.00000000e+00 -0.00000000e+00
   1.98738548e-01 -0.00000000e+00 -0.00000000e+00 -0.00000000e+00
   1.50813437e-01  0.00000000e+00]
 [ 0.00000000e+00  0.00000000e+00 -0.00000000e+00  0.00000000e+00
  -0.00000000e+00  2.00523952e-01 -4.69830623e-02  2.09086713e-02
   0.00000000e+00  0.00000000e+00]
 [ 7.83945570e-02  0.00000000e+00  0.00000000e+00 -0.00000000e+00
  -1.01602914e-04 -0.00000000e+00  0.00000000e+00 -0.00000000e+00
   0.00000000e+00  0.00000000e+00]
 [ 0.00000000e+00 -0.00000000e+00  0.00000000e+00 -0.00000000e+00
  -0.00000000e+00  6.24492421e-02 -0.00000000e+00  3.45572776e-02
   0.00000000e+00 -0.00000000e+00]
 [ 0.00000000e+00  0.00000000e+00 -0.00000000e+00 -2.29775120e-01
   1.46525259e-01  0.00000000e+00  0.00000000e+00  0.00000000e+00
   2.27469230e-01  0.00000000e+00]
 [-0.00000000e+00  0.00000000e+00  0.00000000e+00  1.26448178e-01
   0.00000000e+00  0.00000000e+00  0.00000000e+00 -0.00000000e+00
   0.00000000e+00  1.42021115e-01]]

------------

M: 
[[ 1.          0.5447606   0.83813093  0.26793735 -0.13454595  0.63340024
   0.7480639   0.56026792  0.46644148  0.28867745]
 [ 0.5447606   1.          0.61202791 -0.17948526 -0.66280552  0.40851202
   0.91413736  0.84372327  0.44524736 -0.02886879]
 [ 0.83813093  0.61202791  1.          0.31418339 -0.343791    0.43606672
   0.78268622  0.62631008  0.27536809  0.13926356]
 [ 0.26793735 -0.17948526  0.31418339  1.          0.13257631  0.14153551
   0.04707792 -0.13415772 -0.15938519  0.52552086]
 [-0.13454595 -0.66280552 -0.343791    0.13257631  1.          0.13143224
  -0.61124939 -0.66350694  0.27397664  0.50753185]
 [ 0.63340024  0.40851202  0.43606672  0.14153551  0.13143224  1.
   0.48479228  0.39103671  0.70157944  0.49327193]
 [ 0.7480639   0.91413736  0.78268622  0.04707792 -0.61124939  0.48479228
   1.          0.86398332  0.44470731  0.06884584]
 [ 0.56026792  0.84372327  0.62631008 -0.13415772 -0.66350694  0.39103671
   0.86398332  1.          0.37000428 -0.14205496]
 [ 0.46644148  0.44524736  0.27536809 -0.15938519  0.27397664  0.70157944
   0.44470731  0.37000428  1.          0.43628795]
 [ 0.28867745 -0.02886879  0.13926356  0.52552086  0.50753185  0.49327193
   0.06884584 -0.14205496  0.43628795  1.        ]]

Relative Error of L : 0.9087774690736447
Relative Error of S: 3.234102280978269
