DENISE trained 300 epochs with 800000 10x10 rank 3 matrices.
DENISE: 

L: 
 [[ 1.45545220e-02  4.75392863e-02 -3.36860213e-03 -9.60806478e-03
  -1.86280385e-01 -7.54264323e-03  4.59880792e-02 -2.92746187e-03
  -2.54389434e-03  1.89409853e-04]
 [ 4.75392863e-02  2.70311666e+00 -1.59843080e-02 -1.29199168e-03
   2.72007305e-02 -1.17374230e-02  3.74763692e-03  7.77943879e-02
   3.07486840e-02 -7.62792528e-02]
 [-3.36860213e-03 -1.59843080e-02  3.76362586e-03  2.58995453e-03
   5.11884317e-02  7.76452071e-04 -1.22625986e-02  1.04892079e-03
   8.25461000e-02  3.25921777e-04]
 [-9.60806478e-03 -1.29199168e-03  2.58995453e-03  6.75881375e-03
   1.31810308e-01  4.99665504e-03 -3.23607214e-02  3.04172444e-03
   1.38635198e-02 -1.00186979e-03]
 [-1.86280385e-01  2.72007305e-02  5.11884317e-02  1.31810308e-01
   2.57193613e+00  9.67975035e-02 -6.31100416e-01  6.09604456e-02
   2.99284369e-01 -2.09217221e-02]
 [-7.54264323e-03 -1.17374230e-02  7.76452071e-04  4.99665504e-03
   9.67975035e-02  4.27380670e-03 -2.39693560e-02  1.78728253e-03
  -2.45222300e-02 -5.57115476e-04]
 [ 4.59880792e-02  3.74763692e-03 -1.22625986e-02 -3.23607214e-02
  -6.31100416e-01 -2.39693560e-02  1.54948771e-01 -1.46189025e-02
  -6.28300905e-02  4.87841852e-03]
 [-2.92746187e-03  7.77943879e-02  1.04892079e-03  3.04172444e-03
   6.09604456e-02  1.78728253e-03 -1.46189025e-02  3.68278963e-03
   1.68045331e-02 -2.63465685e-03]
 [-2.54389434e-03  3.07486840e-02  8.25461000e-02  1.38635198e-02
   2.99284369e-01 -2.45222300e-02 -6.28300905e-02  1.68045331e-02
   2.26365209e+00  4.83974675e-03]
 [ 1.89409853e-04 -7.62792528e-02  3.25921777e-04 -1.00186979e-03
  -2.09217221e-02 -5.57115476e-04  4.87841852e-03 -2.63465685e-03
   4.83974675e-03  2.33955448e-03]]

S: 
[[ 0.98544548  0.50305739  0.84435281  0.35321103  0.00865558  0.63962786
   0.7030864   0.57142118  0.45885649  0.29663802]
 [ 0.50305739 -1.70311666  0.61689847 -0.07869666 -0.72685323  0.38745908
   0.91351058  0.76286769  0.36039416  0.07362408]
 [ 0.84435281  0.61689847  0.99623637  0.43365771 -0.42473824  0.41100618
   0.78877366  0.61635008  0.14078417  0.16458797]
 [ 0.35321103 -0.07869666  0.43365771  0.99324119 -0.01151336  0.26495968
   0.14819653 -0.04499281 -0.04187605  0.51061471]
 [ 0.00865558 -0.72685323 -0.42473824 -0.01151336 -1.57193613  0.00483083
  -0.02153503 -0.7681124  -0.03104125  0.52610218]
 [ 0.63962786  0.38745908  0.41100618  0.26495968  0.00483083  0.99572619
   0.49786565  0.36400562  0.700173    0.54665302]
 [ 0.7030864   0.91351058  0.78877366  0.14819653 -0.02153503  0.49786565
   0.84505123  0.88984979  0.48198437  0.06214063]
 [ 0.57142118  0.76286769  0.61635008 -0.04499281 -0.7681124   0.36400562
   0.88984979  0.99631721  0.3020237  -0.1241915 ]
 [ 0.45885649  0.36039416  0.14078417 -0.04187605 -0.03104125  0.700173
   0.48198437  0.3020237  -1.26365209  0.51814024]
 [ 0.29663802  0.07362408  0.16458797  0.51061471  0.52610218  0.54665302
   0.06214063 -0.1241915   0.51814024  0.99766045]]

------------

pcp: 

L: 
[[ 0.83549055  0.52950274  0.77549818  0.37064326 -0.17992818  0.66779988
   0.74500757  0.580578    0.47160911  0.36669036]
 [ 0.55238666  0.92128197  0.60683224 -0.06558527 -0.65866774  0.38796221
   0.93195576  0.84453195  0.41918833 -0.01636588]
 [ 0.74719089  0.57695575  0.84854604  0.39248702 -0.3986581   0.43585324
   0.775385    0.59556145  0.18789422  0.15334227]
 [ 0.39534794 -0.08791257  0.43103824  0.46677396  0.15256184  0.22899146
   0.11807842 -0.03364915 -0.03040611  0.26433975]
 [-0.18030926 -0.67292115 -0.39089916  0.13757285  0.8845911   0.11350487
  -0.61761228 -0.70564332  0.17506213  0.52167456]
 [ 0.6234886   0.35497819  0.42146276  0.1775503   0.10817669  0.68469585
   0.4930925   0.37038035  0.66025623  0.4945273 ]
 [ 0.72125677  0.93229915  0.78799428  0.09630843 -0.64101758  0.48907065
   1.0173309   0.87932321  0.42574189  0.06907085]
 [ 0.58688272  0.85827717  0.62980359 -0.01947116 -0.73220207  0.37158013
   0.89766047  0.90437599  0.30607399 -0.14041503]
 [ 0.47544848  0.39332986  0.19036674 -0.04754667  0.20891524  0.70609611
   0.43846735  0.32335757  0.87181825  0.57034559]
 [ 0.34495123 -0.03550818  0.16716208  0.22652755  0.49386748  0.49254983
   0.08955506 -0.11886142  0.51488416  0.63309686]]

S: 
[[ 0.16450945 -0.          0.06548602  0.          0.          0.
   0.00406691  0.          0.         -0.06986293]
 [-0.          0.07871803  0.         -0.01440338 -0.04098476 -0.
   0.          0.          0.          0.01221172]
 [ 0.09379331  0.          0.15145396  0.04376065  0.         -0.
   0.          0.         -0.          0.        ]
 [ 0.         -0.          0.00520943  0.53322604 -0.03226489  0.04096487
   0.         -0.         -0.          0.24527309]
 [ 0.         -0.02673135  0.         -0.00986572  0.1154089  -0.
  -0.0298955  -0.          0.09318098  0.        ]
 [ 0.         -0.         -0.          0.09240603 -0.          0.31530415
  -0.          0.          0.          0.0515686 ]
 [ 0.          0.          0.          0.         -0.0029892  -0.
   0.         -0.          0.          0.        ]
 [ 0.          0.          0.         -0.         -0.          0.
  -0.          0.09562401  0.         -0.        ]
 [ 0.          0.         -0.         -0.          0.05932787  0.
   0.          0.          0.12818175  0.        ]
 [-0.0481238   0.03285301  0.          0.28308528  0.          0.00916438
   0.         -0.          0.          0.36690314]]

------------

M: 
[[ 1.          0.55059668  0.84098421  0.34360297 -0.1776248   0.63208522
   0.74907448  0.56849372  0.4563126   0.29682743]
 [ 0.55059668  1.          0.60091417 -0.07998865 -0.6996525   0.37572166
   0.91725821  0.84066208  0.39114285 -0.00265517]
 [ 0.84098421  0.60091417  1.          0.43624767 -0.37354981  0.41178264
   0.77651106  0.617399    0.22333027  0.1649139 ]
 [ 0.34360297 -0.07998865  0.43624767  1.          0.12029695  0.26995633
   0.11583581 -0.04195108 -0.02801253  0.50961284]
 [-0.1776248  -0.6996525  -0.37354981  0.12029695  1.          0.10162833
  -0.65263545 -0.70715195  0.26824312  0.50518046]
 [ 0.63208522  0.37572166  0.41178264  0.26995633  0.10162833  1.
   0.47389629  0.3657929   0.67565077  0.5460959 ]
 [ 0.74907448  0.91725821  0.77651106  0.11583581 -0.65263545  0.47389629
   1.          0.87523089  0.41915428  0.06701905]
 [ 0.56849372  0.84066208  0.617399   -0.04195108 -0.70715195  0.3657929
   0.87523089  1.          0.31882824 -0.12682615]
 [ 0.4563126   0.39114285  0.22333027 -0.02801253  0.26824312  0.67565077
   0.41915428  0.31882824  1.          0.52297999]
 [ 0.29682743 -0.00265517  0.1649139   0.50961284  0.50518046  0.5460959
   0.06701905 -0.12682615  0.52297999  1.        ]]

Relative Error of L : 1.0757431817615104
Relative Error of S: 6.331757946908665
